Algoritmo  : astar_15p
Instancia  : 71
Heuristica : Manhattan + Conflito Linear
Status     : RESOLVIDO
Profundidade otima: 44 movimentos
Nos expandidos    : 154164
Tempo             : 668.52 ms

--- Solucao Otima Passo a Passo ---

Estado inicial:
  5  7  _ 11
 12  1  9 10
 15  6  2  3
  8  4 13 14

Passo 1:
  5  7  9 11
 12  1  _ 10
 15  6  2  3
  8  4 13 14

Passo 2:
  5  7  9 11
 12  1  2 10
 15  6  _  3
  8  4 13 14

Passo 3:
  5  7  9 11
 12  1  2 10
 15  _  6  3
  8  4 13 14

Passo 4:
  5  7  9 11
 12  1  2 10
  _ 15  6  3
  8  4 13 14

Passo 5:
  5  7  9 11
  _  1  2 10
 12 15  6  3
  8  4 13 14

Passo 6:
  5  7  9 11
  1  _  2 10
 12 15  6  3
  8  4 13 14

Passo 7:
  5  7  9 11
  1  2  _ 10
 12 15  6  3
  8  4 13 14

Passo 8:
  5  7  _ 11
  1  2  9 10
 12 15  6  3
  8  4 13 14

Passo 9:
  5  _  7 11
  1  2  9 10
 12 15  6  3
  8  4 13 14

Passo 10:
  5  2  7 11
  1  _  9 10
 12 15  6  3
  8  4 13 14

Passo 11:
  5  2  7 11
  1  9  _ 10
 12 15  6  3
  8  4 13 14

Passo 12:
  5  2  7 11
  1  9  6 10
 12 15  _  3
  8  4 13 14

Passo 13:
  5  2  7 11
  1  9  6 10
 12  _ 15  3
  8  4 13 14

Passo 14:
  5  2  7 11
  1  9  6 10
 12  4 15  3
  8  _ 13 14

Passo 15:
  5  2  7 11
  1  9  6 10
 12  4 15  3
  _  8 13 14

Passo 16:
  5  2  7 11
  1  9  6 10
  _  4 15  3
 12  8 13 14

Passo 17:
  5  2  7 11
  1  9  6 10
  4  _ 15  3
 12  8 13 14

Passo 18:
  5  2  7 11
  1  _  6 10
  4  9 15  3
 12  8 13 14

Passo 19:
  5  2  7 11
  1  6  _ 10
  4  9 15  3
 12  8 13 14

Passo 20:
  5  2  7 11
  1  6 10  _
  4  9 15  3
 12  8 13 14

Passo 21:
  5  2  7 11
  1  6 10  3
  4  9 15  _
 12  8 13 14

Passo 22:
  5  2  7 11
  1  6 10  3
  4  9  _ 15
 12  8 13 14

Passo 23:
  5  2  7 11
  1  6  _  3
  4  9 10 15
 12  8 13 14

Passo 24:
  5  2  7 11
  1  6  3  _
  4  9 10 15
 12  8 13 14

Passo 25:
  5  2  7  _
  1  6  3 11
  4  9 10 15
 12  8 13 14

Passo 26:
  5  2  _  7
  1  6  3 11
  4  9 10 15
 12  8 13 14

Passo 27:
  5  2  3  7
  1  6  _ 11
  4  9 10 15
 12  8 13 14

Passo 28:
  5  2  3  7
  1  _  6 11
  4  9 10 15
 12  8 13 14

Passo 29:
  5  2  3  7
  1  9  6 11
  4  _ 10 15
 12  8 13 14

Passo 30:
  5  2  3  7
  1  9  6 11
  4  8 10 15
 12  _ 13 14

Passo 31:
  5  2  3  7
  1  9  6 11
  4  8 10 15
 12 13  _ 14

Passo 32:
  5  2  3  7
  1  9  6 11
  4  8 10 15
 12 13 14  _

Passo 33:
  5  2  3  7
  1  9  6 11
  4  8 10  _
 12 13 14 15

Passo 34:
  5  2  3  7
  1  9  6  _
  4  8 10 11
 12 13 14 15

Passo 35:
  5  2  3  _
  1  9  6  7
  4  8 10 11
 12 13 14 15

Passo 36:
  5  2  _  3
  1  9  6  7
  4  8 10 11
 12 13 14 15

Passo 37:
  5  _  2  3
  1  9  6  7
  4  8 10 11
 12 13 14 15

Passo 38:
  _  5  2  3
  1  9  6  7
  4  8 10 11
 12 13 14 15

Passo 39:
  1  5  2  3
  _  9  6  7
  4  8 10 11
 12 13 14 15

Passo 40:
  1  5  2  3
  4  9  6  7
  _  8 10 11
 12 13 14 15

Passo 41:
  1  5  2  3
  4  9  6  7
  8  _ 10 11
 12 13 14 15

Passo 42:
  1  5  2  3
  4  _  6  7
  8  9 10 11
 12 13 14 15

Passo 43:
  1  _  2  3
  4  5  6  7
  8  9 10 11
 12 13 14 15

Passo 44:
  _  1  2  3
  4  5  6  7
  8  9 10 11
 12 13 14 15

