Algoritmo  : astar_15p
Instancia  : 74
Heuristica : Manhattan + Conflito Linear
Status     : RESOLVIDO
Profundidade otima: 56 movimentos
Nos expandidos    : 330646
Tempo             : 1417.69 ms

--- Solucao Otima Passo a Passo ---

Estado inicial:
 14 13  4 11
 15  8  6  9
  _  7  3  1
  2 10 12  5

Passo 1:
 14 13  4 11
  _  8  6  9
 15  7  3  1
  2 10 12  5

Passo 2:
  _ 13  4 11
 14  8  6  9
 15  7  3  1
  2 10 12  5

Passo 3:
 13  _  4 11
 14  8  6  9
 15  7  3  1
  2 10 12  5

Passo 4:
 13  4  _ 11
 14  8  6  9
 15  7  3  1
  2 10 12  5

Passo 5:
 13  4  6 11
 14  8  _  9
 15  7  3  1
  2 10 12  5

Passo 6:
 13  4  6 11
 14  8  3  9
 15  7  _  1
  2 10 12  5

Passo 7:
 13  4  6 11
 14  8  3  9
 15  _  7  1
  2 10 12  5

Passo 8:
 13  4  6 11
 14  8  3  9
  _ 15  7  1
  2 10 12  5

Passo 9:
 13  4  6 11
 14  8  3  9
  2 15  7  1
  _ 10 12  5

Passo 10:
 13  4  6 11
 14  8  3  9
  2 15  7  1
 10  _ 12  5

Passo 11:
 13  4  6 11
 14  8  3  9
  2  _  7  1
 10 15 12  5

Passo 12:
 13  4  6 11
 14  8  3  9
  _  2  7  1
 10 15 12  5

Passo 13:
 13  4  6 11
  _  8  3  9
 14  2  7  1
 10 15 12  5

Passo 14:
  _  4  6 11
 13  8  3  9
 14  2  7  1
 10 15 12  5

Passo 15:
  4  _  6 11
 13  8  3  9
 14  2  7  1
 10 15 12  5

Passo 16:
  4  6  _ 11
 13  8  3  9
 14  2  7  1
 10 15 12  5

Passo 17:
  4  6  3 11
 13  8  _  9
 14  2  7  1
 10 15 12  5

Passo 18:
  4  6  3 11
 13  8  7  9
 14  2  _  1
 10 15 12  5

Passo 19:
  4  6  3 11
 13  8  7  9
 14  2 12  1
 10 15  _  5

Passo 20:
  4  6  3 11
 13  8  7  9
 14  2 12  1
 10  _ 15  5

Passo 21:
  4  6  3 11
 13  8  7  9
 14  2 12  1
  _ 10 15  5

Passo 22:
  4  6  3 11
 13  8  7  9
  _  2 12  1
 14 10 15  5

Passo 23:
  4  6  3 11
  _  8  7  9
 13  2 12  1
 14 10 15  5

Passo 24:
  4  6  3 11
  8  _  7  9
 13  2 12  1
 14 10 15  5

Passo 25:
  4  6  3 11
  8  2  7  9
 13  _ 12  1
 14 10 15  5

Passo 26:
  4  6  3 11
  8  2  7  9
 13 12  _  1
 14 10 15  5

Passo 27:
  4  6  3 11
  8  2  7  9
 13 12  1  _
 14 10 15  5

Passo 28:
  4  6  3 11
  8  2  7  9
 13 12  1  5
 14 10 15  _

Passo 29:
  4  6  3 11
  8  2  7  9
 13 12  1  5
 14 10  _ 15

Passo 30:
  4  6  3 11
  8  2  7  9
 13 12  1  5
 14  _ 10 15

Passo 31:
  4  6  3 11
  8  2  7  9
 13 12  1  5
  _ 14 10 15

Passo 32:
  4  6  3 11
  8  2  7  9
  _ 12  1  5
 13 14 10 15

Passo 33:
  4  6  3 11
  8  2  7  9
 12  _  1  5
 13 14 10 15

Passo 34:
  4  6  3 11
  8  2  7  9
 12  1  _  5
 13 14 10 15

Passo 35:
  4  6  3 11
  8  2  7  9
 12  1  5  _
 13 14 10 15

Passo 36:
  4  6  3 11
  8  2  7  _
 12  1  5  9
 13 14 10 15

Passo 37:
  4  6  3  _
  8  2  7 11
 12  1  5  9
 13 14 10 15

Passo 38:
  4  6  _  3
  8  2  7 11
 12  1  5  9
 13 14 10 15

Passo 39:
  4  _  6  3
  8  2  7 11
 12  1  5  9
 13 14 10 15

Passo 40:
  4  2  6  3
  8  _  7 11
 12  1  5  9
 13 14 10 15

Passo 41:
  4  2  6  3
  8  1  7 11
 12  _  5  9
 13 14 10 15

Passo 42:
  4  2  6  3
  8  1  7 11
 12  5  _  9
 13 14 10 15

Passo 43:
  4  2  6  3
  8  1  7 11
 12  5  9  _
 13 14 10 15

Passo 44:
  4  2  6  3
  8  1  7  _
 12  5  9 11
 13 14 10 15

Passo 45:
  4  2  6  3
  8  1  _  7
 12  5  9 11
 13 14 10 15

Passo 46:
  4  2  _  3
  8  1  6  7
 12  5  9 11
 13 14 10 15

Passo 47:
  4  _  2  3
  8  1  6  7
 12  5  9 11
 13 14 10 15

Passo 48:
  4  1  2  3
  8  _  6  7
 12  5  9 11
 13 14 10 15

Passo 49:
  4  1  2  3
  8  5  6  7
 12  _  9 11
 13 14 10 15

Passo 50:
  4  1  2  3
  8  5  6  7
 12  9  _ 11
 13 14 10 15

Passo 51:
  4  1  2  3
  8  5  6  7
 12  9 10 11
 13 14  _ 15

Passo 52:
  4  1  2  3
  8  5  6  7
 12  9 10 11
 13  _ 14 15

Passo 53:
  4  1  2  3
  8  5  6  7
 12  9 10 11
  _ 13 14 15

Passo 54:
  4  1  2  3
  8  5  6  7
  _  9 10 11
 12 13 14 15

Passo 55:
  4  1  2  3
  _  5  6  7
  8  9 10 11
 12 13 14 15

Passo 56:
  _  1  2  3
  4  5  6  7
  8  9 10 11
 12 13 14 15

