Algoritmo  : astar_15p
Instancia  : 97
Heuristica : Manhattan + Conflito Linear
Status     : RESOLVIDO
Profundidade otima: 44 movimentos
Nos expandidos    : 146617
Tempo             : 337.38 ms

--- Solucao Otima Passo a Passo ---

Estado inicial:
  9 14  5  7
  8 15  1  2
 10  4 13  6
 12  _ 11  3

Passo 1:
  9 14  5  7
  8 15  1  2
 10  _ 13  6
 12  4 11  3

Passo 2:
  9 14  5  7
  8  _  1  2
 10 15 13  6
 12  4 11  3

Passo 3:
  9  _  5  7
  8 14  1  2
 10 15 13  6
 12  4 11  3

Passo 4:
  9  5  _  7
  8 14  1  2
 10 15 13  6
 12  4 11  3

Passo 5:
  9  5  7  _
  8 14  1  2
 10 15 13  6
 12  4 11  3

Passo 6:
  9  5  7  2
  8 14  1  _
 10 15 13  6
 12  4 11  3

Passo 7:
  9  5  7  2
  8 14  1  6
 10 15 13  _
 12  4 11  3

Passo 8:
  9  5  7  2
  8 14  1  6
 10 15 13  3
 12  4 11  _

Passo 9:
  9  5  7  2
  8 14  1  6
 10 15 13  3
 12  4  _ 11

Passo 10:
  9  5  7  2
  8 14  1  6
 10 15  _  3
 12  4 13 11

Passo 11:
  9  5  7  2
  8 14  1  6
 10  _ 15  3
 12  4 13 11

Passo 12:
  9  5  7  2
  8 14  1  6
 10  4 15  3
 12  _ 13 11

Passo 13:
  9  5  7  2
  8 14  1  6
 10  4 15  3
 12 13  _ 11

Passo 14:
  9  5  7  2
  8 14  1  6
 10  4  _  3
 12 13 15 11

Passo 15:
  9  5  7  2
  8 14  1  6
 10  _  4  3
 12 13 15 11

Passo 16:
  9  5  7  2
  8  _  1  6
 10 14  4  3
 12 13 15 11

Passo 17:
  9  5  7  2
  8  1  _  6
 10 14  4  3
 12 13 15 11

Passo 18:
  9  5  7  2
  8  1  4  6
 10 14  _  3
 12 13 15 11

Passo 19:
  9  5  7  2
  8  1  4  6
 10  _ 14  3
 12 13 15 11

Passo 20:
  9  5  7  2
  8  1  4  6
  _ 10 14  3
 12 13 15 11

Passo 21:
  9  5  7  2
  _  1  4  6
  8 10 14  3
 12 13 15 11

Passo 22:
  9  5  7  2
  1  _  4  6
  8 10 14  3
 12 13 15 11

Passo 23:
  9  5  7  2
  1  4  _  6
  8 10 14  3
 12 13 15 11

Passo 24:
  9  5  7  2
  1  4  6  _
  8 10 14  3
 12 13 15 11

Passo 25:
  9  5  7  2
  1  4  6  3
  8 10 14  _
 12 13 15 11

Passo 26:
  9  5  7  2
  1  4  6  3
  8 10 14 11
 12 13 15  _

Passo 27:
  9  5  7  2
  1  4  6  3
  8 10 14 11
 12 13  _ 15

Passo 28:
  9  5  7  2
  1  4  6  3
  8 10  _ 11
 12 13 14 15

Passo 29:
  9  5  7  2
  1  4  _  3
  8 10  6 11
 12 13 14 15

Passo 30:
  9  5  _  2
  1  4  7  3
  8 10  6 11
 12 13 14 15

Passo 31:
  9  _  5  2
  1  4  7  3
  8 10  6 11
 12 13 14 15

Passo 32:
  _  9  5  2
  1  4  7  3
  8 10  6 11
 12 13 14 15

Passo 33:
  1  9  5  2
  _  4  7  3
  8 10  6 11
 12 13 14 15

Passo 34:
  1  9  5  2
  4  _  7  3
  8 10  6 11
 12 13 14 15

Passo 35:
  1  _  5  2
  4  9  7  3
  8 10  6 11
 12 13 14 15

Passo 36:
  1  5  _  2
  4  9  7  3
  8 10  6 11
 12 13 14 15

Passo 37:
  1  5  2  _
  4  9  7  3
  8 10  6 11
 12 13 14 15

Passo 38:
  1  5  2  3
  4  9  7  _
  8 10  6 11
 12 13 14 15

Passo 39:
  1  5  2  3
  4  9  _  7
  8 10  6 11
 12 13 14 15

Passo 40:
  1  5  2  3
  4  9  6  7
  8 10  _ 11
 12 13 14 15

Passo 41:
  1  5  2  3
  4  9  6  7
  8  _ 10 11
 12 13 14 15

Passo 42:
  1  5  2  3
  4  _  6  7
  8  9 10 11
 12 13 14 15

Passo 43:
  1  _  2  3
  4  5  6  7
  8  9 10 11
 12 13 14 15

Passo 44:
  _  1  2  3
  4  5  6  7
  8  9 10 11
 12 13 14 15

