Algoritmo  : astar_15p
Instancia  : 31
Heuristica : Manhattan + Conflito Linear
Status     : RESOLVIDO
Profundidade otima: 50 movimentos
Nos expandidos    : 229358
Tempo             : 508.23 ms

--- Solucao Otima Passo a Passo ---

Estado inicial:
 12  8 15 13
  1  _  5  4
  6  3  2 11
  9  7 14 10

Passo 1:
 12  8 15 13
  _  1  5  4
  6  3  2 11
  9  7 14 10

Passo 2:
  _  8 15 13
 12  1  5  4
  6  3  2 11
  9  7 14 10

Passo 3:
  8  _ 15 13
 12  1  5  4
  6  3  2 11
  9  7 14 10

Passo 4:
  8  1 15 13
 12  _  5  4
  6  3  2 11
  9  7 14 10

Passo 5:
  8  1 15 13
 12  3  5  4
  6  _  2 11
  9  7 14 10

Passo 6:
  8  1 15 13
 12  3  5  4
  _  6  2 11
  9  7 14 10

Passo 7:
  8  1 15 13
  _  3  5  4
 12  6  2 11
  9  7 14 10

Passo 8:
  _  1 15 13
  8  3  5  4
 12  6  2 11
  9  7 14 10

Passo 9:
  1  _ 15 13
  8  3  5  4
 12  6  2 11
  9  7 14 10

Passo 10:
  1  3 15 13
  8  _  5  4
 12  6  2 11
  9  7 14 10

Passo 11:
  1  3 15 13
  8  5  _  4
 12  6  2 11
  9  7 14 10

Passo 12:
  1  3 15 13
  8  5  4  _
 12  6  2 11
  9  7 14 10

Passo 13:
  1  3 15  _
  8  5  4 13
 12  6  2 11
  9  7 14 10

Passo 14:
  1  3  _ 15
  8  5  4 13
 12  6  2 11
  9  7 14 10

Passo 15:
  1  _  3 15
  8  5  4 13
 12  6  2 11
  9  7 14 10

Passo 16:
  1  5  3 15
  8  _  4 13
 12  6  2 11
  9  7 14 10

Passo 17:
  1  5  3 15
  8  4  _ 13
 12  6  2 11
  9  7 14 10

Passo 18:
  1  5  3 15
  8  4  2 13
 12  6  _ 11
  9  7 14 10

Passo 19:
  1  5  3 15
  8  4  2 13
 12  6 11  _
  9  7 14 10

Passo 20:
  1  5  3 15
  8  4  2  _
 12  6 11 13
  9  7 14 10

Passo 21:
  1  5  3  _
  8  4  2 15
 12  6 11 13
  9  7 14 10

Passo 22:
  1  5  _  3
  8  4  2 15
 12  6 11 13
  9  7 14 10

Passo 23:
  1  5  2  3
  8  4  _ 15
 12  6 11 13
  9  7 14 10

Passo 24:
  1  5  2  3
  8  4 11 15
 12  6  _ 13
  9  7 14 10

Passo 25:
  1  5  2  3
  8  4 11 15
 12  6 13  _
  9  7 14 10

Passo 26:
  1  5  2  3
  8  4 11 15
 12  6 13 10
  9  7 14  _

Passo 27:
  1  5  2  3
  8  4 11 15
 12  6 13 10
  9  7  _ 14

Passo 28:
  1  5  2  3
  8  4 11 15
 12  6  _ 10
  9  7 13 14

Passo 29:
  1  5  2  3
  8  4 11 15
 12  _  6 10
  9  7 13 14

Passo 30:
  1  5  2  3
  8  4 11 15
 12  7  6 10
  9  _ 13 14

Passo 31:
  1  5  2  3
  8  4 11 15
 12  7  6 10
  _  9 13 14

Passo 32:
  1  5  2  3
  8  4 11 15
  _  7  6 10
 12  9 13 14

Passo 33:
  1  5  2  3
  _  4 11 15
  8  7  6 10
 12  9 13 14

Passo 34:
  1  5  2  3
  4  _ 11 15
  8  7  6 10
 12  9 13 14

Passo 35:
  1  5  2  3
  4  7 11 15
  8  _  6 10
 12  9 13 14

Passo 36:
  1  5  2  3
  4  7 11 15
  8  6  _ 10
 12  9 13 14

Passo 37:
  1  5  2  3
  4  7 11 15
  8  6 10  _
 12  9 13 14

Passo 38:
  1  5  2  3
  4  7 11  _
  8  6 10 15
 12  9 13 14

Passo 39:
  1  5  2  3
  4  7  _ 11
  8  6 10 15
 12  9 13 14

Passo 40:
  1  5  2  3
  4  _  7 11
  8  6 10 15
 12  9 13 14

Passo 41:
  1  5  2  3
  4  6  7 11
  8  _ 10 15
 12  9 13 14

Passo 42:
  1  5  2  3
  4  6  7 11
  8  9 10 15
 12  _ 13 14

Passo 43:
  1  5  2  3
  4  6  7 11
  8  9 10 15
 12 13  _ 14

Passo 44:
  1  5  2  3
  4  6  7 11
  8  9 10 15
 12 13 14  _

Passo 45:
  1  5  2  3
  4  6  7 11
  8  9 10  _
 12 13 14 15

Passo 46:
  1  5  2  3
  4  6  7  _
  8  9 10 11
 12 13 14 15

Passo 47:
  1  5  2  3
  4  6  _  7
  8  9 10 11
 12 13 14 15

Passo 48:
  1  5  2  3
  4  _  6  7
  8  9 10 11
 12 13 14 15

Passo 49:
  1  _  2  3
  4  5  6  7
  8  9 10 11
 12 13 14 15

Passo 50:
  _  1  2  3
  4  5  6  7
  8  9 10 11
 12 13 14 15

