Algoritmo  : astar_15p
Instancia  : 45
Heuristica : Manhattan + Conflito Linear
Status     : RESOLVIDO
Profundidade otima: 51 movimentos
Nos expandidos    : 383212
Tempo             : 3462.54 ms

--- Solucao Otima Passo a Passo ---

Estado inicial:
  3 14  9  7
 12 15  _  4
  1  8  5  6
 11 10  2 13

Passo 1:
  3 14  9  7
 12  _ 15  4
  1  8  5  6
 11 10  2 13

Passo 2:
  3 14  9  7
  _ 12 15  4
  1  8  5  6
 11 10  2 13

Passo 3:
  3 14  9  7
  1 12 15  4
  _  8  5  6
 11 10  2 13

Passo 4:
  3 14  9  7
  1 12 15  4
  8  _  5  6
 11 10  2 13

Passo 5:
  3 14  9  7
  1 12 15  4
  8  5  _  6
 11 10  2 13

Passo 6:
  3 14  9  7
  1 12  _  4
  8  5 15  6
 11 10  2 13

Passo 7:
  3 14  9  7
  1 12  4  _
  8  5 15  6
 11 10  2 13

Passo 8:
  3 14  9  7
  1 12  4  6
  8  5 15  _
 11 10  2 13

Passo 9:
  3 14  9  7
  1 12  4  6
  8  5  _ 15
 11 10  2 13

Passo 10:
  3 14  9  7
  1 12  4  6
  8  5  2 15
 11 10  _ 13

Passo 11:
  3 14  9  7
  1 12  4  6
  8  5  2 15
 11  _ 10 13

Passo 12:
  3 14  9  7
  1 12  4  6
  8  5  2 15
  _ 11 10 13

Passo 13:
  3 14  9  7
  1 12  4  6
  _  5  2 15
  8 11 10 13

Passo 14:
  3 14  9  7
  1 12  4  6
  5  _  2 15
  8 11 10 13

Passo 15:
  3 14  9  7
  1  _  4  6
  5 12  2 15
  8 11 10 13

Passo 16:
  3 14  9  7
  1  4  _  6
  5 12  2 15
  8 11 10 13

Passo 17:
  3 14  9  7
  1  4  2  6
  5 12  _ 15
  8 11 10 13

Passo 18:
  3 14  9  7
  1  4  2  6
  5 12 10 15
  8 11  _ 13

Passo 19:
  3 14  9  7
  1  4  2  6
  5 12 10 15
  8  _ 11 13

Passo 20:
  3 14  9  7
  1  4  2  6
  5  _ 10 15
  8 12 11 13

Passo 21:
  3 14  9  7
  1  _  2  6
  5  4 10 15
  8 12 11 13

Passo 22:
  3  _  9  7
  1 14  2  6
  5  4 10 15
  8 12 11 13

Passo 23:
  _  3  9  7
  1 14  2  6
  5  4 10 15
  8 12 11 13

Passo 24:
  1  3  9  7
  _ 14  2  6
  5  4 10 15
  8 12 11 13

Passo 25:
  1  3  9  7
  5 14  2  6
  _  4 10 15
  8 12 11 13

Passo 26:
  1  3  9  7
  5 14  2  6
  4  _ 10 15
  8 12 11 13

Passo 27:
  1  3  9  7
  5  _  2  6
  4 14 10 15
  8 12 11 13

Passo 28:
  1  3  9  7
  5  2  _  6
  4 14 10 15
  8 12 11 13

Passo 29:
  1  3  _  7
  5  2  9  6
  4 14 10 15
  8 12 11 13

Passo 30:
  1  _  3  7
  5  2  9  6
  4 14 10 15
  8 12 11 13

Passo 31:
  1  2  3  7
  5  _  9  6
  4 14 10 15
  8 12 11 13

Passo 32:
  1  2  3  7
  5  9  _  6
  4 14 10 15
  8 12 11 13

Passo 33:
  1  2  3  7
  5  9 10  6
  4 14  _ 15
  8 12 11 13

Passo 34:
  1  2  3  7
  5  9 10  6
  4 14 11 15
  8 12  _ 13

Passo 35:
  1  2  3  7
  5  9 10  6
  4 14 11 15
  8 12 13  _

Passo 36:
  1  2  3  7
  5  9 10  6
  4 14 11  _
  8 12 13 15

Passo 37:
  1  2  3  7
  5  9 10  6
  4 14  _ 11
  8 12 13 15

Passo 38:
  1  2  3  7
  5  9 10  6
  4  _ 14 11
  8 12 13 15

Passo 39:
  1  2  3  7
  5  _ 10  6
  4  9 14 11
  8 12 13 15

Passo 40:
  1  2  3  7
  _  5 10  6
  4  9 14 11
  8 12 13 15

Passo 41:
  1  2  3  7
  4  5 10  6
  _  9 14 11
  8 12 13 15

Passo 42:
  1  2  3  7
  4  5 10  6
  8  9 14 11
  _ 12 13 15

Passo 43:
  1  2  3  7
  4  5 10  6
  8  9 14 11
 12  _ 13 15

Passo 44:
  1  2  3  7
  4  5 10  6
  8  9 14 11
 12 13  _ 15

Passo 45:
  1  2  3  7
  4  5 10  6
  8  9  _ 11
 12 13 14 15

Passo 46:
  1  2  3  7
  4  5  _  6
  8  9 10 11
 12 13 14 15

Passo 47:
  1  2  3  7
  4  5  6  _
  8  9 10 11
 12 13 14 15

Passo 48:
  1  2  3  _
  4  5  6  7
  8  9 10 11
 12 13 14 15

Passo 49:
  1  2  _  3
  4  5  6  7
  8  9 10 11
 12 13 14 15

Passo 50:
  1  _  2  3
  4  5  6  7
  8  9 10 11
 12 13 14 15

Passo 51:
  _  1  2  3
  4  5  6  7
  8  9 10 11
 12 13 14 15

