Algoritmo  : astar_15p
Instancia  : 61
Heuristica : Manhattan + Conflito Linear
Status     : RESOLVIDO
Profundidade otima: 45 movimentos
Nos expandidos    : 269443
Tempo             : 1454.49 ms

--- Solucao Otima Passo a Passo ---

Estado inicial:
  6 13  3  2
 11  9  5 10
  1  7 12 14
  8  4  _ 15

Passo 1:
  6 13  3  2
 11  9  5 10
  1  7  _ 14
  8  4 12 15

Passo 2:
  6 13  3  2
 11  9  5 10
  1  _  7 14
  8  4 12 15

Passo 3:
  6 13  3  2
 11  _  5 10
  1  9  7 14
  8  4 12 15

Passo 4:
  6 13  3  2
 11  5  _ 10
  1  9  7 14
  8  4 12 15

Passo 5:
  6 13  3  2
 11  5  7 10
  1  9  _ 14
  8  4 12 15

Passo 6:
  6 13  3  2
 11  5  7 10
  1  9 14  _
  8  4 12 15

Passo 7:
  6 13  3  2
 11  5  7  _
  1  9 14 10
  8  4 12 15

Passo 8:
  6 13  3  2
 11  5  _  7
  1  9 14 10
  8  4 12 15

Passo 9:
  6 13  3  2
 11  _  5  7
  1  9 14 10
  8  4 12 15

Passo 10:
  6 13  3  2
  _ 11  5  7
  1  9 14 10
  8  4 12 15

Passo 11:
  6 13  3  2
  1 11  5  7
  _  9 14 10
  8  4 12 15

Passo 12:
  6 13  3  2
  1 11  5  7
  9  _ 14 10
  8  4 12 15

Passo 13:
  6 13  3  2
  1 11  5  7
  9  4 14 10
  8  _ 12 15

Passo 14:
  6 13  3  2
  1 11  5  7
  9  4 14 10
  8 12  _ 15

Passo 15:
  6 13  3  2
  1 11  5  7
  9  4  _ 10
  8 12 14 15

Passo 16:
  6 13  3  2
  1 11  5  7
  9  4 10  _
  8 12 14 15

Passo 17:
  6 13  3  2
  1 11  5  _
  9  4 10  7
  8 12 14 15

Passo 18:
  6 13  3  _
  1 11  5  2
  9  4 10  7
  8 12 14 15

Passo 19:
  6 13  _  3
  1 11  5  2
  9  4 10  7
  8 12 14 15

Passo 20:
  6 13  5  3
  1 11  _  2
  9  4 10  7
  8 12 14 15

Passo 21:
  6 13  5  3
  1  _ 11  2
  9  4 10  7
  8 12 14 15

Passo 22:
  6  _  5  3
  1 13 11  2
  9  4 10  7
  8 12 14 15

Passo 23:
  _  6  5  3
  1 13 11  2
  9  4 10  7
  8 12 14 15

Passo 24:
  1  6  5  3
  _ 13 11  2
  9  4 10  7
  8 12 14 15

Passo 25:
  1  6  5  3
  9 13 11  2
  _  4 10  7
  8 12 14 15

Passo 26:
  1  6  5  3
  9 13 11  2
  4  _ 10  7
  8 12 14 15

Passo 27:
  1  6  5  3
  9 13 11  2
  4 10  _  7
  8 12 14 15

Passo 28:
  1  6  5  3
  9 13  _  2
  4 10 11  7
  8 12 14 15

Passo 29:
  1  6  5  3
  9 13  2  _
  4 10 11  7
  8 12 14 15

Passo 30:
  1  6  5  3
  9 13  2  7
  4 10 11  _
  8 12 14 15

Passo 31:
  1  6  5  3
  9 13  2  7
  4 10  _ 11
  8 12 14 15

Passo 32:
  1  6  5  3
  9 13  2  7
  4  _ 10 11
  8 12 14 15

Passo 33:
  1  6  5  3
  9  _  2  7
  4 13 10 11
  8 12 14 15

Passo 34:
  1  _  5  3
  9  6  2  7
  4 13 10 11
  8 12 14 15

Passo 35:
  1  5  _  3
  9  6  2  7
  4 13 10 11
  8 12 14 15

Passo 36:
  1  5  2  3
  9  6  _  7
  4 13 10 11
  8 12 14 15

Passo 37:
  1  5  2  3
  9  _  6  7
  4 13 10 11
  8 12 14 15

Passo 38:
  1  5  2  3
  _  9  6  7
  4 13 10 11
  8 12 14 15

Passo 39:
  1  5  2  3
  4  9  6  7
  _ 13 10 11
  8 12 14 15

Passo 40:
  1  5  2  3
  4  9  6  7
  8 13 10 11
  _ 12 14 15

Passo 41:
  1  5  2  3
  4  9  6  7
  8 13 10 11
 12  _ 14 15

Passo 42:
  1  5  2  3
  4  9  6  7
  8  _ 10 11
 12 13 14 15

Passo 43:
  1  5  2  3
  4  _  6  7
  8  9 10 11
 12 13 14 15

Passo 44:
  1  _  2  3
  4  5  6  7
  8  9 10 11
 12 13 14 15

Passo 45:
  _  1  2  3
  4  5  6  7
  8  9 10 11
 12 13 14 15

