Algoritmo  : astar_15p
Instancia  : 4
Heuristica : Manhattan + Conflito Linear
Status     : RESOLVIDO
Profundidade otima: 56 movimentos
Nos expandidos    : 4300063
Tempo             : 81797.86 ms

--- Solucao Otima Passo a Passo ---

Estado inicial:
  5 12 10  7
 15 11 14  _
  8  2  1 13
  3  4  9  6

Passo 1:
  5 12 10  7
 15 11  _ 14
  8  2  1 13
  3  4  9  6

Passo 2:
  5 12 10  7
 15  _ 11 14
  8  2  1 13
  3  4  9  6

Passo 3:
  5 12 10  7
 15  2 11 14
  8  _  1 13
  3  4  9  6

Passo 4:
  5 12 10  7
 15  2 11 14
  _  8  1 13
  3  4  9  6

Passo 5:
  5 12 10  7
 15  2 11 14
  3  8  1 13
  _  4  9  6

Passo 6:
  5 12 10  7
 15  2 11 14
  3  8  1 13
  4  _  9  6

Passo 7:
  5 12 10  7
 15  2 11 14
  3  _  1 13
  4  8  9  6

Passo 8:
  5 12 10  7
 15  2 11 14
  3  1  _ 13
  4  8  9  6

Passo 9:
  5 12 10  7
 15  2  _ 14
  3  1 11 13
  4  8  9  6

Passo 10:
  5 12 10  7
 15  _  2 14
  3  1 11 13
  4  8  9  6

Passo 11:
  5 12 10  7
  _ 15  2 14
  3  1 11 13
  4  8  9  6

Passo 12:
  5 12 10  7
  3 15  2 14
  _  1 11 13
  4  8  9  6

Passo 13:
  5 12 10  7
  3 15  2 14
  1  _ 11 13
  4  8  9  6

Passo 14:
  5 12 10  7
  3  _  2 14
  1 15 11 13
  4  8  9  6

Passo 15:
  5  _ 10  7
  3 12  2 14
  1 15 11 13
  4  8  9  6

Passo 16:
  _  5 10  7
  3 12  2 14
  1 15 11 13
  4  8  9  6

Passo 17:
  3  5 10  7
  _ 12  2 14
  1 15 11 13
  4  8  9  6

Passo 18:
  3  5 10  7
  1 12  2 14
  _ 15 11 13
  4  8  9  6

Passo 19:
  3  5 10  7
  1 12  2 14
  4 15 11 13
  _  8  9  6

Passo 20:
  3  5 10  7
  1 12  2 14
  4 15 11 13
  8  _  9  6

Passo 21:
  3  5 10  7
  1 12  2 14
  4  _ 11 13
  8 15  9  6

Passo 22:
  3  5 10  7
  1  _  2 14
  4 12 11 13
  8 15  9  6

Passo 23:
  3  _ 10  7
  1  5  2 14
  4 12 11 13
  8 15  9  6

Passo 24:
  _  3 10  7
  1  5  2 14
  4 12 11 13
  8 15  9  6

Passo 25:
  1  3 10  7
  _  5  2 14
  4 12 11 13
  8 15  9  6

Passo 26:
  1  3 10  7
  5  _  2 14
  4 12 11 13
  8 15  9  6

Passo 27:
  1  3 10  7
  5  2  _ 14
  4 12 11 13
  8 15  9  6

Passo 28:
  1  3 10  7
  5  2 11 14
  4 12  _ 13
  8 15  9  6

Passo 29:
  1  3 10  7
  5  2 11 14
  4 12  9 13
  8 15  _  6

Passo 30:
  1  3 10  7
  5  2 11 14
  4 12  9 13
  8  _ 15  6

Passo 31:
  1  3 10  7
  5  2 11 14
  4  _  9 13
  8 12 15  6

Passo 32:
  1  3 10  7
  5  2 11 14
  4  9  _ 13
  8 12 15  6

Passo 33:
  1  3 10  7
  5  2 11 14
  4  9 13  _
  8 12 15  6

Passo 34:
  1  3 10  7
  5  2 11 14
  4  9 13  6
  8 12 15  _

Passo 35:
  1  3 10  7
  5  2 11 14
  4  9 13  6
  8 12  _ 15

Passo 36:
  1  3 10  7
  5  2 11 14
  4  9  _  6
  8 12 13 15

Passo 37:
  1  3 10  7
  5  2  _ 14
  4  9 11  6
  8 12 13 15

Passo 38:
  1  3 10  7
  5  2 14  _
  4  9 11  6
  8 12 13 15

Passo 39:
  1  3 10  7
  5  2 14  6
  4  9 11  _
  8 12 13 15

Passo 40:
  1  3 10  7
  5  2 14  6
  4  9  _ 11
  8 12 13 15

Passo 41:
  1  3 10  7
  5  2  _  6
  4  9 14 11
  8 12 13 15

Passo 42:
  1  3  _  7
  5  2 10  6
  4  9 14 11
  8 12 13 15

Passo 43:
  1  _  3  7
  5  2 10  6
  4  9 14 11
  8 12 13 15

Passo 44:
  1  2  3  7
  5  _ 10  6
  4  9 14 11
  8 12 13 15

Passo 45:
  1  2  3  7
  _  5 10  6
  4  9 14 11
  8 12 13 15

Passo 46:
  1  2  3  7
  4  5 10  6
  _  9 14 11
  8 12 13 15

Passo 47:
  1  2  3  7
  4  5 10  6
  8  9 14 11
  _ 12 13 15

Passo 48:
  1  2  3  7
  4  5 10  6
  8  9 14 11
 12  _ 13 15

Passo 49:
  1  2  3  7
  4  5 10  6
  8  9 14 11
 12 13  _ 15

Passo 50:
  1  2  3  7
  4  5 10  6
  8  9  _ 11
 12 13 14 15

Passo 51:
  1  2  3  7
  4  5  _  6
  8  9 10 11
 12 13 14 15

Passo 52:
  1  2  3  7
  4  5  6  _
  8  9 10 11
 12 13 14 15

Passo 53:
  1  2  3  _
  4  5  6  7
  8  9 10 11
 12 13 14 15

Passo 54:
  1  2  _  3
  4  5  6  7
  8  9 10 11
 12 13 14 15

Passo 55:
  1  _  2  3
  4  5  6  7
  8  9 10 11
 12 13 14 15

Passo 56:
  _  1  2  3
  4  5  6  7
  8  9 10 11
 12 13 14 15

