Algoritmo  : astar_15p
Instancia  : 11
Heuristica : Manhattan + Conflito Linear
Status     : RESOLVIDO
Profundidade otima: 57 movimentos
Nos expandidos    : 3487111
Tempo             : 87352.73 ms

--- Solucao Otima Passo a Passo ---

Estado inicial:
  5  9 13 14
  6  3  7 12
 10  8  4  _
 15  2 11  1

Passo 1:
  5  9 13 14
  6  3  7 12
 10  8  4  1
 15  2 11  _

Passo 2:
  5  9 13 14
  6  3  7 12
 10  8  4  1
 15  2  _ 11

Passo 3:
  5  9 13 14
  6  3  7 12
 10  8  4  1
 15  _  2 11

Passo 4:
  5  9 13 14
  6  3  7 12
 10  8  4  1
  _ 15  2 11

Passo 5:
  5  9 13 14
  6  3  7 12
  _  8  4  1
 10 15  2 11

Passo 6:
  5  9 13 14
  6  3  7 12
  8  _  4  1
 10 15  2 11

Passo 7:
  5  9 13 14
  6  3  7 12
  8  4  _  1
 10 15  2 11

Passo 8:
  5  9 13 14
  6  3  7 12
  8  4  1  _
 10 15  2 11

Passo 9:
  5  9 13 14
  6  3  7  _
  8  4  1 12
 10 15  2 11

Passo 10:
  5  9 13 14
  6  3  _  7
  8  4  1 12
 10 15  2 11

Passo 11:
  5  9 13 14
  6  _  3  7
  8  4  1 12
 10 15  2 11

Passo 12:
  5  9 13 14
  6  4  3  7
  8  _  1 12
 10 15  2 11

Passo 13:
  5  9 13 14
  6  4  3  7
  8  1  _ 12
 10 15  2 11

Passo 14:
  5  9 13 14
  6  4  3  7
  8  1  2 12
 10 15  _ 11

Passo 15:
  5  9 13 14
  6  4  3  7
  8  1  2 12
 10  _ 15 11

Passo 16:
  5  9 13 14
  6  4  3  7
  8  1  2 12
  _ 10 15 11

Passo 17:
  5  9 13 14
  6  4  3  7
  _  1  2 12
  8 10 15 11

Passo 18:
  5  9 13 14
  6  4  3  7
  1  _  2 12
  8 10 15 11

Passo 19:
  5  9 13 14
  6  _  3  7
  1  4  2 12
  8 10 15 11

Passo 20:
  5  9 13 14
  _  6  3  7
  1  4  2 12
  8 10 15 11

Passo 21:
  _  9 13 14
  5  6  3  7
  1  4  2 12
  8 10 15 11

Passo 22:
  9  _ 13 14
  5  6  3  7
  1  4  2 12
  8 10 15 11

Passo 23:
  9 13  _ 14
  5  6  3  7
  1  4  2 12
  8 10 15 11

Passo 24:
  9 13  3 14
  5  6  _  7
  1  4  2 12
  8 10 15 11

Passo 25:
  9 13  3 14
  5  6  2  7
  1  4  _ 12
  8 10 15 11

Passo 26:
  9 13  3 14
  5  6  2  7
  1  4 12  _
  8 10 15 11

Passo 27:
  9 13  3 14
  5  6  2  _
  1  4 12  7
  8 10 15 11

Passo 28:
  9 13  3  _
  5  6  2 14
  1  4 12  7
  8 10 15 11

Passo 29:
  9 13  _  3
  5  6  2 14
  1  4 12  7
  8 10 15 11

Passo 30:
  9 13  2  3
  5  6  _ 14
  1  4 12  7
  8 10 15 11

Passo 31:
  9 13  2  3
  5  6 14  _
  1  4 12  7
  8 10 15 11

Passo 32:
  9 13  2  3
  5  6 14  7
  1  4 12  _
  8 10 15 11

Passo 33:
  9 13  2  3
  5  6 14  7
  1  4 12 11
  8 10 15  _

Passo 34:
  9 13  2  3
  5  6 14  7
  1  4 12 11
  8 10  _ 15

Passo 35:
  9 13  2  3
  5  6 14  7
  1  4  _ 11
  8 10 12 15

Passo 36:
  9 13  2  3
  5  6  _  7
  1  4 14 11
  8 10 12 15

Passo 37:
  9 13  2  3
  5  _  6  7
  1  4 14 11
  8 10 12 15

Passo 38:
  9  _  2  3
  5 13  6  7
  1  4 14 11
  8 10 12 15

Passo 39:
  _  9  2  3
  5 13  6  7
  1  4 14 11
  8 10 12 15

Passo 40:
  5  9  2  3
  _ 13  6  7
  1  4 14 11
  8 10 12 15

Passo 41:
  5  9  2  3
  1 13  6  7
  _  4 14 11
  8 10 12 15

Passo 42:
  5  9  2  3
  1 13  6  7
  4  _ 14 11
  8 10 12 15

Passo 43:
  5  9  2  3
  1 13  6  7
  4 10 14 11
  8  _ 12 15

Passo 44:
  5  9  2  3
  1 13  6  7
  4 10 14 11
  8 12  _ 15

Passo 45:
  5  9  2  3
  1 13  6  7
  4 10  _ 11
  8 12 14 15

Passo 46:
  5  9  2  3
  1 13  6  7
  4  _ 10 11
  8 12 14 15

Passo 47:
  5  9  2  3
  1  _  6  7
  4 13 10 11
  8 12 14 15

Passo 48:
  5  _  2  3
  1  9  6  7
  4 13 10 11
  8 12 14 15

Passo 49:
  _  5  2  3
  1  9  6  7
  4 13 10 11
  8 12 14 15

Passo 50:
  1  5  2  3
  _  9  6  7
  4 13 10 11
  8 12 14 15

Passo 51:
  1  5  2  3
  4  9  6  7
  _ 13 10 11
  8 12 14 15

Passo 52:
  1  5  2  3
  4  9  6  7
  8 13 10 11
  _ 12 14 15

Passo 53:
  1  5  2  3
  4  9  6  7
  8 13 10 11
 12  _ 14 15

Passo 54:
  1  5  2  3
  4  9  6  7
  8  _ 10 11
 12 13 14 15

Passo 55:
  1  5  2  3
  4  _  6  7
  8  9 10 11
 12 13 14 15

Passo 56:
  1  _  2  3
  4  5  6  7
  8  9 10 11
 12 13 14 15

Passo 57:
  _  1  2  3
  4  5  6  7
  8  9 10 11
 12 13 14 15

