Algoritmo  : astar_15p
Instancia  : 55
Heuristica : Manhattan + Conflito Linear
Status     : RESOLVIDO
Profundidade otima: 41 movimentos
Nos expandidos    : 37692
Tempo             : 75.87 ms

--- Solucao Otima Passo a Passo ---

Estado inicial:
 13  8 14  3
  9  1  _  7
 15  5  4 10
 12  2  6 11

Passo 1:
 13  8 14  3
  9  1  4  7
 15  5  _ 10
 12  2  6 11

Passo 2:
 13  8 14  3
  9  1  4  7
 15  _  5 10
 12  2  6 11

Passo 3:
 13  8 14  3
  9  1  4  7
 15  2  5 10
 12  _  6 11

Passo 4:
 13  8 14  3
  9  1  4  7
 15  2  5 10
 12  6  _ 11

Passo 5:
 13  8 14  3
  9  1  4  7
 15  2  _ 10
 12  6  5 11

Passo 6:
 13  8 14  3
  9  1  4  7
 15  _  2 10
 12  6  5 11

Passo 7:
 13  8 14  3
  9  1  4  7
  _ 15  2 10
 12  6  5 11

Passo 8:
 13  8 14  3
  _  1  4  7
  9 15  2 10
 12  6  5 11

Passo 9:
  _  8 14  3
 13  1  4  7
  9 15  2 10
 12  6  5 11

Passo 10:
  8  _ 14  3
 13  1  4  7
  9 15  2 10
 12  6  5 11

Passo 11:
  8 14  _  3
 13  1  4  7
  9 15  2 10
 12  6  5 11

Passo 12:
  8 14  4  3
 13  1  _  7
  9 15  2 10
 12  6  5 11

Passo 13:
  8 14  4  3
 13  _  1  7
  9 15  2 10
 12  6  5 11

Passo 14:
  8  _  4  3
 13 14  1  7
  9 15  2 10
 12  6  5 11

Passo 15:
  8  4  _  3
 13 14  1  7
  9 15  2 10
 12  6  5 11

Passo 16:
  8  4  1  3
 13 14  _  7
  9 15  2 10
 12  6  5 11

Passo 17:
  8  4  1  3
 13 14  2  7
  9 15  _ 10
 12  6  5 11

Passo 18:
  8  4  1  3
 13 14  2  7
  9 15  5 10
 12  6  _ 11

Passo 19:
  8  4  1  3
 13 14  2  7
  9 15  5 10
 12  _  6 11

Passo 20:
  8  4  1  3
 13 14  2  7
  9  _  5 10
 12 15  6 11

Passo 21:
  8  4  1  3
 13  _  2  7
  9 14  5 10
 12 15  6 11

Passo 22:
  8  4  1  3
  _ 13  2  7
  9 14  5 10
 12 15  6 11

Passo 23:
  _  4  1  3
  8 13  2  7
  9 14  5 10
 12 15  6 11

Passo 24:
  4  _  1  3
  8 13  2  7
  9 14  5 10
 12 15  6 11

Passo 25:
  4  1  _  3
  8 13  2  7
  9 14  5 10
 12 15  6 11

Passo 26:
  4  1  2  3
  8 13  _  7
  9 14  5 10
 12 15  6 11

Passo 27:
  4  1  2  3
  8 13  5  7
  9 14  _ 10
 12 15  6 11

Passo 28:
  4  1  2  3
  8 13  5  7
  9 14  6 10
 12 15  _ 11

Passo 29:
  4  1  2  3
  8 13  5  7
  9 14  6 10
 12  _ 15 11

Passo 30:
  4  1  2  3
  8 13  5  7
  9  _  6 10
 12 14 15 11

Passo 31:
  4  1  2  3
  8  _  5  7
  9 13  6 10
 12 14 15 11

Passo 32:
  4  1  2  3
  8  5  _  7
  9 13  6 10
 12 14 15 11

Passo 33:
  4  1  2  3
  8  5  6  7
  9 13  _ 10
 12 14 15 11

Passo 34:
  4  1  2  3
  8  5  6  7
  9 13 10  _
 12 14 15 11

Passo 35:
  4  1  2  3
  8  5  6  7
  9 13 10 11
 12 14 15  _

Passo 36:
  4  1  2  3
  8  5  6  7
  9 13 10 11
 12 14  _ 15

Passo 37:
  4  1  2  3
  8  5  6  7
  9 13 10 11
 12  _ 14 15

Passo 38:
  4  1  2  3
  8  5  6  7
  9  _ 10 11
 12 13 14 15

Passo 39:
  4  1  2  3
  8  5  6  7
  _  9 10 11
 12 13 14 15

Passo 40:
  4  1  2  3
  _  5  6  7
  8  9 10 11
 12 13 14 15

Passo 41:
  _  1  2  3
  4  5  6  7
  8  9 10 11
 12 13 14 15

