Algoritmo  : astar_15p
Instancia  : 44
Heuristica : Manhattan + Conflito Linear
Status     : RESOLVIDO
Profundidade otima: 50 movimentos
Nos expandidos    : 778405
Tempo             : 6089.57 ms

--- Solucao Otima Passo a Passo ---

Estado inicial:
 12  9  _  6
  8  3  5 14
  2  4 11  7
 10  1 15 13

Passo 1:
 12  9  5  6
  8  3  _ 14
  2  4 11  7
 10  1 15 13

Passo 2:
 12  9  5  6
  8  _  3 14
  2  4 11  7
 10  1 15 13

Passo 3:
 12  9  5  6
  _  8  3 14
  2  4 11  7
 10  1 15 13

Passo 4:
  _  9  5  6
 12  8  3 14
  2  4 11  7
 10  1 15 13

Passo 5:
  9  _  5  6
 12  8  3 14
  2  4 11  7
 10  1 15 13

Passo 6:
  9  8  5  6
 12  _  3 14
  2  4 11  7
 10  1 15 13

Passo 7:
  9  8  5  6
 12  4  3 14
  2  _ 11  7
 10  1 15 13

Passo 8:
  9  8  5  6
 12  4  3 14
  _  2 11  7
 10  1 15 13

Passo 9:
  9  8  5  6
  _  4  3 14
 12  2 11  7
 10  1 15 13

Passo 10:
  _  8  5  6
  9  4  3 14
 12  2 11  7
 10  1 15 13

Passo 11:
  8  _  5  6
  9  4  3 14
 12  2 11  7
 10  1 15 13

Passo 12:
  8  4  5  6
  9  _  3 14
 12  2 11  7
 10  1 15 13

Passo 13:
  8  4  5  6
  9  2  3 14
 12  _ 11  7
 10  1 15 13

Passo 14:
  8  4  5  6
  9  2  3 14
 12  1 11  7
 10  _ 15 13

Passo 15:
  8  4  5  6
  9  2  3 14
 12  1 11  7
  _ 10 15 13

Passo 16:
  8  4  5  6
  9  2  3 14
  _  1 11  7
 12 10 15 13

Passo 17:
  8  4  5  6
  _  2  3 14
  9  1 11  7
 12 10 15 13

Passo 18:
  _  4  5  6
  8  2  3 14
  9  1 11  7
 12 10 15 13

Passo 19:
  4  _  5  6
  8  2  3 14
  9  1 11  7
 12 10 15 13

Passo 20:
  4  5  _  6
  8  2  3 14
  9  1 11  7
 12 10 15 13

Passo 21:
  4  5  3  6
  8  2  _ 14
  9  1 11  7
 12 10 15 13

Passo 22:
  4  5  3  6
  8  2 14  _
  9  1 11  7
 12 10 15 13

Passo 23:
  4  5  3  6
  8  2 14  7
  9  1 11  _
 12 10 15 13

Passo 24:
  4  5  3  6
  8  2 14  7
  9  1  _ 11
 12 10 15 13

Passo 25:
  4  5  3  6
  8  2 14  7
  9  1 15 11
 12 10  _ 13

Passo 26:
  4  5  3  6
  8  2 14  7
  9  1 15 11
 12 10 13  _

Passo 27:
  4  5  3  6
  8  2 14  7
  9  1 15  _
 12 10 13 11

Passo 28:
  4  5  3  6
  8  2 14  _
  9  1 15  7
 12 10 13 11

Passo 29:
  4  5  3  _
  8  2 14  6
  9  1 15  7
 12 10 13 11

Passo 30:
  4  5  _  3
  8  2 14  6
  9  1 15  7
 12 10 13 11

Passo 31:
  4  _  5  3
  8  2 14  6
  9  1 15  7
 12 10 13 11

Passo 32:
  4  2  5  3
  8  _ 14  6
  9  1 15  7
 12 10 13 11

Passo 33:
  4  2  5  3
  8  1 14  6
  9  _ 15  7
 12 10 13 11

Passo 34:
  4  2  5  3
  8  1 14  6
  9 10 15  7
 12  _ 13 11

Passo 35:
  4  2  5  3
  8  1 14  6
  9 10 15  7
 12 13  _ 11

Passo 36:
  4  2  5  3
  8  1 14  6
  9 10  _  7
 12 13 15 11

Passo 37:
  4  2  5  3
  8  1  _  6
  9 10 14  7
 12 13 15 11

Passo 38:
  4  2  _  3
  8  1  5  6
  9 10 14  7
 12 13 15 11

Passo 39:
  4  _  2  3
  8  1  5  6
  9 10 14  7
 12 13 15 11

Passo 40:
  4  1  2  3
  8  _  5  6
  9 10 14  7
 12 13 15 11

Passo 41:
  4  1  2  3
  8  5  _  6
  9 10 14  7
 12 13 15 11

Passo 42:
  4  1  2  3
  8  5  6  _
  9 10 14  7
 12 13 15 11

Passo 43:
  4  1  2  3
  8  5  6  7
  9 10 14  _
 12 13 15 11

Passo 44:
  4  1  2  3
  8  5  6  7
  9 10 14 11
 12 13 15  _

Passo 45:
  4  1  2  3
  8  5  6  7
  9 10 14 11
 12 13  _ 15

Passo 46:
  4  1  2  3
  8  5  6  7
  9 10  _ 11
 12 13 14 15

Passo 47:
  4  1  2  3
  8  5  6  7
  9  _ 10 11
 12 13 14 15

Passo 48:
  4  1  2  3
  8  5  6  7
  _  9 10 11
 12 13 14 15

Passo 49:
  4  1  2  3
  _  5  6  7
  8  9 10 11
 12 13 14 15

Passo 50:
  _  1  2  3
  4  5  6  7
  8  9 10 11
 12 13 14 15

