Algoritmo  : astar_15p
Instancia  : 79
Heuristica : Manhattan + Conflito Linear
Status     : RESOLVIDO
Profundidade otima: 42 movimentos
Nos expandidos    : 45331
Tempo             : 108.09 ms

--- Solucao Otima Passo a Passo ---

Estado inicial:
  _  1  9  7
 11 13  5  3
 14 12  4  2
  8  6 10 15

Passo 1:
  1  _  9  7
 11 13  5  3
 14 12  4  2
  8  6 10 15

Passo 2:
  1  9  _  7
 11 13  5  3
 14 12  4  2
  8  6 10 15

Passo 3:
  1  9  5  7
 11 13  _  3
 14 12  4  2
  8  6 10 15

Passo 4:
  1  9  5  7
 11 13  4  3
 14 12  _  2
  8  6 10 15

Passo 5:
  1  9  5  7
 11 13  4  3
 14 12 10  2
  8  6  _ 15

Passo 6:
  1  9  5  7
 11 13  4  3
 14 12 10  2
  8  _  6 15

Passo 7:
  1  9  5  7
 11 13  4  3
 14  _ 10  2
  8 12  6 15

Passo 8:
  1  9  5  7
 11 13  4  3
  _ 14 10  2
  8 12  6 15

Passo 9:
  1  9  5  7
 11 13  4  3
  8 14 10  2
  _ 12  6 15

Passo 10:
  1  9  5  7
 11 13  4  3
  8 14 10  2
 12  _  6 15

Passo 11:
  1  9  5  7
 11 13  4  3
  8  _ 10  2
 12 14  6 15

Passo 12:
  1  9  5  7
 11  _  4  3
  8 13 10  2
 12 14  6 15

Passo 13:
  1  9  5  7
  _ 11  4  3
  8 13 10  2
 12 14  6 15

Passo 14:
  1  9  5  7
  8 11  4  3
  _ 13 10  2
 12 14  6 15

Passo 15:
  1  9  5  7
  8 11  4  3
 13  _ 10  2
 12 14  6 15

Passo 16:
  1  9  5  7
  8  _  4  3
 13 11 10  2
 12 14  6 15

Passo 17:
  1  9  5  7
  8  4  _  3
 13 11 10  2
 12 14  6 15

Passo 18:
  1  9  5  7
  8  4 10  3
 13 11  _  2
 12 14  6 15

Passo 19:
  1  9  5  7
  8  4 10  3
 13  _ 11  2
 12 14  6 15

Passo 20:
  1  9  5  7
  8  4 10  3
  _ 13 11  2
 12 14  6 15

Passo 21:
  1  9  5  7
  _  4 10  3
  8 13 11  2
 12 14  6 15

Passo 22:
  1  9  5  7
  4  _ 10  3
  8 13 11  2
 12 14  6 15

Passo 23:
  1  9  5  7
  4 10  _  3
  8 13 11  2
 12 14  6 15

Passo 24:
  1  9  5  7
  4 10  3  _
  8 13 11  2
 12 14  6 15

Passo 25:
  1  9  5  7
  4 10  3  2
  8 13 11  _
 12 14  6 15

Passo 26:
  1  9  5  7
  4 10  3  2
  8 13  _ 11
 12 14  6 15

Passo 27:
  1  9  5  7
  4 10  3  2
  8 13  6 11
 12 14  _ 15

Passo 28:
  1  9  5  7
  4 10  3  2
  8 13  6 11
 12  _ 14 15

Passo 29:
  1  9  5  7
  4 10  3  2
  8  _  6 11
 12 13 14 15

Passo 30:
  1  9  5  7
  4  _  3  2
  8 10  6 11
 12 13 14 15

Passo 31:
  1  _  5  7
  4  9  3  2
  8 10  6 11
 12 13 14 15

Passo 32:
  1  5  _  7
  4  9  3  2
  8 10  6 11
 12 13 14 15

Passo 33:
  1  5  3  7
  4  9  _  2
  8 10  6 11
 12 13 14 15

Passo 34:
  1  5  3  7
  4  9  2  _
  8 10  6 11
 12 13 14 15

Passo 35:
  1  5  3  _
  4  9  2  7
  8 10  6 11
 12 13 14 15

Passo 36:
  1  5  _  3
  4  9  2  7
  8 10  6 11
 12 13 14 15

Passo 37:
  1  5  2  3
  4  9  _  7
  8 10  6 11
 12 13 14 15

Passo 38:
  1  5  2  3
  4  9  6  7
  8 10  _ 11
 12 13 14 15

Passo 39:
  1  5  2  3
  4  9  6  7
  8  _ 10 11
 12 13 14 15

Passo 40:
  1  5  2  3
  4  _  6  7
  8  9 10 11
 12 13 14 15

Passo 41:
  1  _  2  3
  4  5  6  7
  8  9 10 11
 12 13 14 15

Passo 42:
  _  1  2  3
  4  5  6  7
  8  9 10 11
 12 13 14 15

