Algoritmo  : astar_15p
Instancia  : 23
Heuristica : Manhattan + Conflito Linear
Status     : RESOLVIDO
Profundidade otima: 49 movimentos
Nos expandidos    : 413194
Tempo             : 5918.45 ms

--- Solucao Otima Passo a Passo ---

Estado inicial:
 10  9  3 11
  _ 13  2 14
  5  6  4  7
  8 15  1 12

Passo 1:
 10  9  3 11
 13  _  2 14
  5  6  4  7
  8 15  1 12

Passo 2:
 10  9  3 11
 13  2  _ 14
  5  6  4  7
  8 15  1 12

Passo 3:
 10  9  3 11
 13  2  4 14
  5  6  _  7
  8 15  1 12

Passo 4:
 10  9  3 11
 13  2  4 14
  5  6  1  7
  8 15  _ 12

Passo 5:
 10  9  3 11
 13  2  4 14
  5  6  1  7
  8  _ 15 12

Passo 6:
 10  9  3 11
 13  2  4 14
  5  _  1  7
  8  6 15 12

Passo 7:
 10  9  3 11
 13  _  4 14
  5  2  1  7
  8  6 15 12

Passo 8:
 10  9  3 11
 13  4  _ 14
  5  2  1  7
  8  6 15 12

Passo 9:
 10  9  3 11
 13  4  1 14
  5  2  _  7
  8  6 15 12

Passo 10:
 10  9  3 11
 13  4  1 14
  5  2  7  _
  8  6 15 12

Passo 11:
 10  9  3 11
 13  4  1  _
  5  2  7 14
  8  6 15 12

Passo 12:
 10  9  3  _
 13  4  1 11
  5  2  7 14
  8  6 15 12

Passo 13:
 10  9  _  3
 13  4  1 11
  5  2  7 14
  8  6 15 12

Passo 14:
 10  _  9  3
 13  4  1 11
  5  2  7 14
  8  6 15 12

Passo 15:
 10  4  9  3
 13  _  1 11
  5  2  7 14
  8  6 15 12

Passo 16:
 10  4  9  3
  _ 13  1 11
  5  2  7 14
  8  6 15 12

Passo 17:
  _  4  9  3
 10 13  1 11
  5  2  7 14
  8  6 15 12

Passo 18:
  4  _  9  3
 10 13  1 11
  5  2  7 14
  8  6 15 12

Passo 19:
  4  9  _  3
 10 13  1 11
  5  2  7 14
  8  6 15 12

Passo 20:
  4  9  1  3
 10 13  _ 11
  5  2  7 14
  8  6 15 12

Passo 21:
  4  9  1  3
 10 13  7 11
  5  2  _ 14
  8  6 15 12

Passo 22:
  4  9  1  3
 10 13  7 11
  5  2 15 14
  8  6  _ 12

Passo 23:
  4  9  1  3
 10 13  7 11
  5  2 15 14
  8  6 12  _

Passo 24:
  4  9  1  3
 10 13  7 11
  5  2 15  _
  8  6 12 14

Passo 25:
  4  9  1  3
 10 13  7 11
  5  2  _ 15
  8  6 12 14

Passo 26:
  4  9  1  3
 10 13  7 11
  5  _  2 15
  8  6 12 14

Passo 27:
  4  9  1  3
 10 13  7 11
  5  6  2 15
  8  _ 12 14

Passo 28:
  4  9  1  3
 10 13  7 11
  5  6  2 15
  8 12  _ 14

Passo 29:
  4  9  1  3
 10 13  7 11
  5  6  2 15
  8 12 14  _

Passo 30:
  4  9  1  3
 10 13  7 11
  5  6  2  _
  8 12 14 15

Passo 31:
  4  9  1  3
 10 13  7  _
  5  6  2 11
  8 12 14 15

Passo 32:
  4  9  1  3
 10 13  _  7
  5  6  2 11
  8 12 14 15

Passo 33:
  4  9  1  3
 10 13  2  7
  5  6  _ 11
  8 12 14 15

Passo 34:
  4  9  1  3
 10 13  2  7
  5  _  6 11
  8 12 14 15

Passo 35:
  4  9  1  3
 10  _  2  7
  5 13  6 11
  8 12 14 15

Passo 36:
  4  9  1  3
  _ 10  2  7
  5 13  6 11
  8 12 14 15

Passo 37:
  4  9  1  3
  5 10  2  7
  _ 13  6 11
  8 12 14 15

Passo 38:
  4  9  1  3
  5 10  2  7
  8 13  6 11
  _ 12 14 15

Passo 39:
  4  9  1  3
  5 10  2  7
  8 13  6 11
 12  _ 14 15

Passo 40:
  4  9  1  3
  5 10  2  7
  8  _  6 11
 12 13 14 15

Passo 41:
  4  9  1  3
  5  _  2  7
  8 10  6 11
 12 13 14 15

Passo 42:
  4  _  1  3
  5  9  2  7
  8 10  6 11
 12 13 14 15

Passo 43:
  4  1  _  3
  5  9  2  7
  8 10  6 11
 12 13 14 15

Passo 44:
  4  1  2  3
  5  9  _  7
  8 10  6 11
 12 13 14 15

Passo 45:
  4  1  2  3
  5  9  6  7
  8 10  _ 11
 12 13 14 15

Passo 46:
  4  1  2  3
  5  9  6  7
  8  _ 10 11
 12 13 14 15

Passo 47:
  4  1  2  3
  5  _  6  7
  8  9 10 11
 12 13 14 15

Passo 48:
  4  1  2  3
  _  5  6  7
  8  9 10 11
 12 13 14 15

Passo 49:
  _  1  2  3
  4  5  6  7
  8  9 10 11
 12 13 14 15

