Algoritmo  : astar_15p
Instancia  : 9
Heuristica : Manhattan + Conflito Linear
Status     : RESOLVIDO
Profundidade otima: 46 movimentos
Nos expandidos    : 98889
Tempo             : 353.98 ms

--- Solucao Otima Passo a Passo ---

Estado inicial:
  3 14  9 11
  5  4  8  2
 13 12  6  7
 10  1 15  _

Passo 1:
  3 14  9 11
  5  4  8  2
 13 12  6  _
 10  1 15  7

Passo 2:
  3 14  9 11
  5  4  8  2
 13 12  _  6
 10  1 15  7

Passo 3:
  3 14  9 11
  5  4  8  2
 13  _ 12  6
 10  1 15  7

Passo 4:
  3 14  9 11
  5  4  8  2
 13  1 12  6
 10  _ 15  7

Passo 5:
  3 14  9 11
  5  4  8  2
 13  1 12  6
  _ 10 15  7

Passo 6:
  3 14  9 11
  5  4  8  2
  _  1 12  6
 13 10 15  7

Passo 7:
  3 14  9 11
  _  4  8  2
  5  1 12  6
 13 10 15  7

Passo 8:
  3 14  9 11
  4  _  8  2
  5  1 12  6
 13 10 15  7

Passo 9:
  3  _  9 11
  4 14  8  2
  5  1 12  6
 13 10 15  7

Passo 10:
  _  3  9 11
  4 14  8  2
  5  1 12  6
 13 10 15  7

Passo 11:
  4  3  9 11
  _ 14  8  2
  5  1 12  6
 13 10 15  7

Passo 12:
  4  3  9 11
 14  _  8  2
  5  1 12  6
 13 10 15  7

Passo 13:
  4  3  9 11
 14  1  8  2
  5  _ 12  6
 13 10 15  7

Passo 14:
  4  3  9 11
 14  1  8  2
  5 12  _  6
 13 10 15  7

Passo 15:
  4  3  9 11
 14  1  _  2
  5 12  8  6
 13 10 15  7

Passo 16:
  4  3  _ 11
 14  1  9  2
  5 12  8  6
 13 10 15  7

Passo 17:
  4  _  3 11
 14  1  9  2
  5 12  8  6
 13 10 15  7

Passo 18:
  4  1  3 11
 14  _  9  2
  5 12  8  6
 13 10 15  7

Passo 19:
  4  1  3 11
  _ 14  9  2
  5 12  8  6
 13 10 15  7

Passo 20:
  4  1  3 11
  5 14  9  2
  _ 12  8  6
 13 10 15  7

Passo 21:
  4  1  3 11
  5 14  9  2
 12  _  8  6
 13 10 15  7

Passo 22:
  4  1  3 11
  5  _  9  2
 12 14  8  6
 13 10 15  7

Passo 23:
  4  1  3 11
  5  9  _  2
 12 14  8  6
 13 10 15  7

Passo 24:
  4  1  3 11
  5  9  2  _
 12 14  8  6
 13 10 15  7

Passo 25:
  4  1  3  _
  5  9  2 11
 12 14  8  6
 13 10 15  7

Passo 26:
  4  1  _  3
  5  9  2 11
 12 14  8  6
 13 10 15  7

Passo 27:
  4  1  2  3
  5  9  _ 11
 12 14  8  6
 13 10 15  7

Passo 28:
  4  1  2  3
  5  9 11  _
 12 14  8  6
 13 10 15  7

Passo 29:
  4  1  2  3
  5  9 11  6
 12 14  8  _
 13 10 15  7

Passo 30:
  4  1  2  3
  5  9 11  6
 12 14  8  7
 13 10 15  _

Passo 31:
  4  1  2  3
  5  9 11  6
 12 14  8  7
 13 10  _ 15

Passo 32:
  4  1  2  3
  5  9 11  6
 12 14  8  7
 13  _ 10 15

Passo 33:
  4  1  2  3
  5  9 11  6
 12  _  8  7
 13 14 10 15

Passo 34:
  4  1  2  3
  5  9 11  6
 12  8  _  7
 13 14 10 15

Passo 35:
  4  1  2  3
  5  9  _  6
 12  8 11  7
 13 14 10 15

Passo 36:
  4  1  2  3
  5  9  6  _
 12  8 11  7
 13 14 10 15

Passo 37:
  4  1  2  3
  5  9  6  7
 12  8 11  _
 13 14 10 15

Passo 38:
  4  1  2  3
  5  9  6  7
 12  8  _ 11
 13 14 10 15

Passo 39:
  4  1  2  3
  5  9  6  7
 12  8 10 11
 13 14  _ 15

Passo 40:
  4  1  2  3
  5  9  6  7
 12  8 10 11
 13  _ 14 15

Passo 41:
  4  1  2  3
  5  9  6  7
 12  8 10 11
  _ 13 14 15

Passo 42:
  4  1  2  3
  5  9  6  7
  _  8 10 11
 12 13 14 15

Passo 43:
  4  1  2  3
  5  9  6  7
  8  _ 10 11
 12 13 14 15

Passo 44:
  4  1  2  3
  5  _  6  7
  8  9 10 11
 12 13 14 15

Passo 45:
  4  1  2  3
  _  5  6  7
  8  9 10 11
 12 13 14 15

Passo 46:
  _  1  2  3
  4  5  6  7
  8  9 10 11
 12 13 14 15

