Algoritmo  : astar_15p
Instancia  : 86
Heuristica : Manhattan + Conflito Linear
Status     : RESOLVIDO
Profundidade otima: 45 movimentos
Nos expandidos    : 128066
Tempo             : 253.98 ms

--- Solucao Otima Passo a Passo ---

Estado inicial:
  6  _  5 10
 11 12  9  2
  1  7  4  3
 14  8 13 15

Passo 1:
  6  5  _ 10
 11 12  9  2
  1  7  4  3
 14  8 13 15

Passo 2:
  6  5  9 10
 11 12  _  2
  1  7  4  3
 14  8 13 15

Passo 3:
  6  5  9 10
 11 12  4  2
  1  7  _  3
 14  8 13 15

Passo 4:
  6  5  9 10
 11 12  4  2
  1  _  7  3
 14  8 13 15

Passo 5:
  6  5  9 10
 11  _  4  2
  1 12  7  3
 14  8 13 15

Passo 6:
  6  5  9 10
  _ 11  4  2
  1 12  7  3
 14  8 13 15

Passo 7:
  6  5  9 10
  1 11  4  2
  _ 12  7  3
 14  8 13 15

Passo 8:
  6  5  9 10
  1 11  4  2
 14 12  7  3
  _  8 13 15

Passo 9:
  6  5  9 10
  1 11  4  2
 14 12  7  3
  8  _ 13 15

Passo 10:
  6  5  9 10
  1 11  4  2
 14  _  7  3
  8 12 13 15

Passo 11:
  6  5  9 10
  1  _  4  2
 14 11  7  3
  8 12 13 15

Passo 12:
  6  _  9 10
  1  5  4  2
 14 11  7  3
  8 12 13 15

Passo 13:
  _  6  9 10
  1  5  4  2
 14 11  7  3
  8 12 13 15

Passo 14:
  1  6  9 10
  _  5  4  2
 14 11  7  3
  8 12 13 15

Passo 15:
  1  6  9 10
  5  _  4  2
 14 11  7  3
  8 12 13 15

Passo 16:
  1  6  9 10
  5  4  _  2
 14 11  7  3
  8 12 13 15

Passo 17:
  1  6  _ 10
  5  4  9  2
 14 11  7  3
  8 12 13 15

Passo 18:
  1  6 10  _
  5  4  9  2
 14 11  7  3
  8 12 13 15

Passo 19:
  1  6 10  2
  5  4  9  _
 14 11  7  3
  8 12 13 15

Passo 20:
  1  6 10  2
  5  4  9  3
 14 11  7  _
  8 12 13 15

Passo 21:
  1  6 10  2
  5  4  9  3
 14 11  _  7
  8 12 13 15

Passo 22:
  1  6 10  2
  5  4  9  3
 14  _ 11  7
  8 12 13 15

Passo 23:
  1  6 10  2
  5  4  9  3
  _ 14 11  7
  8 12 13 15

Passo 24:
  1  6 10  2
  _  4  9  3
  5 14 11  7
  8 12 13 15

Passo 25:
  1  6 10  2
  4  _  9  3
  5 14 11  7
  8 12 13 15

Passo 26:
  1  6 10  2
  4  9  _  3
  5 14 11  7
  8 12 13 15

Passo 27:
  1  6  _  2
  4  9 10  3
  5 14 11  7
  8 12 13 15

Passo 28:
  1  6  2  _
  4  9 10  3
  5 14 11  7
  8 12 13 15

Passo 29:
  1  6  2  3
  4  9 10  _
  5 14 11  7
  8 12 13 15

Passo 30:
  1  6  2  3
  4  9 10  7
  5 14 11  _
  8 12 13 15

Passo 31:
  1  6  2  3
  4  9 10  7
  5 14  _ 11
  8 12 13 15

Passo 32:
  1  6  2  3
  4  9 10  7
  5  _ 14 11
  8 12 13 15

Passo 33:
  1  6  2  3
  4  _ 10  7
  5  9 14 11
  8 12 13 15

Passo 34:
  1  _  2  3
  4  6 10  7
  5  9 14 11
  8 12 13 15

Passo 35:
  _  1  2  3
  4  6 10  7
  5  9 14 11
  8 12 13 15

Passo 36:
  4  1  2  3
  _  6 10  7
  5  9 14 11
  8 12 13 15

Passo 37:
  4  1  2  3
  5  6 10  7
  _  9 14 11
  8 12 13 15

Passo 38:
  4  1  2  3
  5  6 10  7
  8  9 14 11
  _ 12 13 15

Passo 39:
  4  1  2  3
  5  6 10  7
  8  9 14 11
 12  _ 13 15

Passo 40:
  4  1  2  3
  5  6 10  7
  8  9 14 11
 12 13  _ 15

Passo 41:
  4  1  2  3
  5  6 10  7
  8  9  _ 11
 12 13 14 15

Passo 42:
  4  1  2  3
  5  6  _  7
  8  9 10 11
 12 13 14 15

Passo 43:
  4  1  2  3
  5  _  6  7
  8  9 10 11
 12 13 14 15

Passo 44:
  4  1  2  3
  _  5  6  7
  8  9 10 11
 12 13 14 15

Passo 45:
  _  1  2  3
  4  5  6  7
  8  9 10 11
 12 13 14 15

