Algoritmo  : idastar_15p
Instancia  : 94
Heuristica : Manhattan + Conflito Linear
Status     : RESOLVIDO
Profundidade otima: 53 movimentos
Nos expandidos    : 67308
Tempo             : 96.97 ms

--- Solucao Otima Passo a Passo ---

Estado inicial:
  5  7 11  8
  _ 14  9 13
 10 12  3 15
  6  1  4  2

Passo 1:
  5  7 11  8
 10 14  9 13
  _ 12  3 15
  6  1  4  2

Passo 2:
  5  7 11  8
 10 14  9 13
  6 12  3 15
  _  1  4  2

Passo 3:
  5  7 11  8
 10 14  9 13
  6 12  3 15
  1  _  4  2

Passo 4:
  5  7 11  8
 10 14  9 13
  6  _  3 15
  1 12  4  2

Passo 5:
  5  7 11  8
 10  _  9 13
  6 14  3 15
  1 12  4  2

Passo 6:
  5  7 11  8
 10  9  _ 13
  6 14  3 15
  1 12  4  2

Passo 7:
  5  7 11  8
 10  9  3 13
  6 14  _ 15
  1 12  4  2

Passo 8:
  5  7 11  8
 10  9  3 13
  6 14 15  _
  1 12  4  2

Passo 9:
  5  7 11  8
 10  9  3  _
  6 14 15 13
  1 12  4  2

Passo 10:
  5  7 11  _
 10  9  3  8
  6 14 15 13
  1 12  4  2

Passo 11:
  5  7  _ 11
 10  9  3  8
  6 14 15 13
  1 12  4  2

Passo 12:
  5  _  7 11
 10  9  3  8
  6 14 15 13
  1 12  4  2

Passo 13:
  5  9  7 11
 10  _  3  8
  6 14 15 13
  1 12  4  2

Passo 14:
  5  9  7 11
  _ 10  3  8
  6 14 15 13
  1 12  4  2

Passo 15:
  5  9  7 11
  6 10  3  8
  _ 14 15 13
  1 12  4  2

Passo 16:
  5  9  7 11
  6 10  3  8
  1 14 15 13
  _ 12  4  2

Passo 17:
  5  9  7 11
  6 10  3  8
  1 14 15 13
 12  _  4  2

Passo 18:
  5  9  7 11
  6 10  3  8
  1 14 15 13
 12  4  _  2

Passo 19:
  5  9  7 11
  6 10  3  8
  1 14  _ 13
 12  4 15  2

Passo 20:
  5  9  7 11
  6 10  3  8
  1 14 13  _
 12  4 15  2

Passo 21:
  5  9  7 11
  6 10  3  8
  1 14 13  2
 12  4 15  _

Passo 22:
  5  9  7 11
  6 10  3  8
  1 14 13  2
 12  4  _ 15

Passo 23:
  5  9  7 11
  6 10  3  8
  1 14  _  2
 12  4 13 15

Passo 24:
  5  9  7 11
  6 10  3  8
  1  _ 14  2
 12  4 13 15

Passo 25:
  5  9  7 11
  6 10  3  8
  1  4 14  2
 12  _ 13 15

Passo 26:
  5  9  7 11
  6 10  3  8
  1  4 14  2
 12 13  _ 15

Passo 27:
  5  9  7 11
  6 10  3  8
  1  4  _  2
 12 13 14 15

Passo 28:
  5  9  7 11
  6 10  3  8
  1  4  2  _
 12 13 14 15

Passo 29:
  5  9  7 11
  6 10  3  _
  1  4  2  8
 12 13 14 15

Passo 30:
  5  9  7  _
  6 10  3 11
  1  4  2  8
 12 13 14 15

Passo 31:
  5  9  _  7
  6 10  3 11
  1  4  2  8
 12 13 14 15

Passo 32:
  5  9  3  7
  6 10  _ 11
  1  4  2  8
 12 13 14 15

Passo 33:
  5  9  3  7
  6 10  2 11
  1  4  _  8
 12 13 14 15

Passo 34:
  5  9  3  7
  6 10  2 11
  1  4  8  _
 12 13 14 15

Passo 35:
  5  9  3  7
  6 10  2  _
  1  4  8 11
 12 13 14 15

Passo 36:
  5  9  3  _
  6 10  2  7
  1  4  8 11
 12 13 14 15

Passo 37:
  5  9  _  3
  6 10  2  7
  1  4  8 11
 12 13 14 15

Passo 38:
  5  9  2  3
  6 10  _  7
  1  4  8 11
 12 13 14 15

Passo 39:
  5  9  2  3
  6  _ 10  7
  1  4  8 11
 12 13 14 15

Passo 40:
  5  9  2  3
  _  6 10  7
  1  4  8 11
 12 13 14 15

Passo 41:
  5  9  2  3
  1  6 10  7
  _  4  8 11
 12 13 14 15

Passo 42:
  5  9  2  3
  1  6 10  7
  4  _  8 11
 12 13 14 15

Passo 43:
  5  9  2  3
  1  6 10  7
  4  8  _ 11
 12 13 14 15

Passo 44:
  5  9  2  3
  1  6  _  7
  4  8 10 11
 12 13 14 15

Passo 45:
  5  9  2  3
  1  _  6  7
  4  8 10 11
 12 13 14 15

Passo 46:
  5  _  2  3
  1  9  6  7
  4  8 10 11
 12 13 14 15

Passo 47:
  _  5  2  3
  1  9  6  7
  4  8 10 11
 12 13 14 15

Passo 48:
  1  5  2  3
  _  9  6  7
  4  8 10 11
 12 13 14 15

Passo 49:
  1  5  2  3
  4  9  6  7
  _  8 10 11
 12 13 14 15

Passo 50:
  1  5  2  3
  4  9  6  7
  8  _ 10 11
 12 13 14 15

Passo 51:
  1  5  2  3
  4  _  6  7
  8  9 10 11
 12 13 14 15

Passo 52:
  1  _  2  3
  4  5  6  7
  8  9 10 11
 12 13 14 15

Passo 53:
  _  1  2  3
  4  5  6  7
  8  9 10 11
 12 13 14 15

