Algoritmo  : idastar_15p
Instancia  : 86
Heuristica : Manhattan + Conflito Linear
Status     : RESOLVIDO
Profundidade otima: 45 movimentos
Nos expandidos    : 255188
Tempo             : 338.08 ms

--- Solucao Otima Passo a Passo ---

Estado inicial:
  6  _  5 10
 11 12  9  2
  1  7  4  3
 14  8 13 15

Passo 1:
  6 12  5 10
 11  _  9  2
  1  7  4  3
 14  8 13 15

Passo 2:
  6 12  5 10
 11  9  _  2
  1  7  4  3
 14  8 13 15

Passo 3:
  6 12  5 10
 11  9  4  2
  1  7  _  3
 14  8 13 15

Passo 4:
  6 12  5 10
 11  9  4  2
  1  _  7  3
 14  8 13 15

Passo 5:
  6 12  5 10
 11  _  4  2
  1  9  7  3
 14  8 13 15

Passo 6:
  6 12  5 10
  _ 11  4  2
  1  9  7  3
 14  8 13 15

Passo 7:
  6 12  5 10
  1 11  4  2
  _  9  7  3
 14  8 13 15

Passo 8:
  6 12  5 10
  1 11  4  2
  9  _  7  3
 14  8 13 15

Passo 9:
  6 12  5 10
  1  _  4  2
  9 11  7  3
 14  8 13 15

Passo 10:
  6  _  5 10
  1 12  4  2
  9 11  7  3
 14  8 13 15

Passo 11:
  6  5  _ 10
  1 12  4  2
  9 11  7  3
 14  8 13 15

Passo 12:
  6  5 10  _
  1 12  4  2
  9 11  7  3
 14  8 13 15

Passo 13:
  6  5 10  2
  1 12  4  _
  9 11  7  3
 14  8 13 15

Passo 14:
  6  5 10  2
  1 12  4  3
  9 11  7  _
 14  8 13 15

Passo 15:
  6  5 10  2
  1 12  4  3
  9 11  _  7
 14  8 13 15

Passo 16:
  6  5 10  2
  1 12  4  3
  9  _ 11  7
 14  8 13 15

Passo 17:
  6  5 10  2
  1  _  4  3
  9 12 11  7
 14  8 13 15

Passo 18:
  6  5 10  2
  1  4  _  3
  9 12 11  7
 14  8 13 15

Passo 19:
  6  5  _  2
  1  4 10  3
  9 12 11  7
 14  8 13 15

Passo 20:
  6  _  5  2
  1  4 10  3
  9 12 11  7
 14  8 13 15

Passo 21:
  _  6  5  2
  1  4 10  3
  9 12 11  7
 14  8 13 15

Passo 22:
  1  6  5  2
  _  4 10  3
  9 12 11  7
 14  8 13 15

Passo 23:
  1  6  5  2
  9  4 10  3
  _ 12 11  7
 14  8 13 15

Passo 24:
  1  6  5  2
  9  4 10  3
 14 12 11  7
  _  8 13 15

Passo 25:
  1  6  5  2
  9  4 10  3
 14 12 11  7
  8  _ 13 15

Passo 26:
  1  6  5  2
  9  4 10  3
 14  _ 11  7
  8 12 13 15

Passo 27:
  1  6  5  2
  9  4 10  3
  _ 14 11  7
  8 12 13 15

Passo 28:
  1  6  5  2
  _  4 10  3
  9 14 11  7
  8 12 13 15

Passo 29:
  1  6  5  2
  4  _ 10  3
  9 14 11  7
  8 12 13 15

Passo 30:
  1  _  5  2
  4  6 10  3
  9 14 11  7
  8 12 13 15

Passo 31:
  1  5  _  2
  4  6 10  3
  9 14 11  7
  8 12 13 15

Passo 32:
  1  5  2  _
  4  6 10  3
  9 14 11  7
  8 12 13 15

Passo 33:
  1  5  2  3
  4  6 10  _
  9 14 11  7
  8 12 13 15

Passo 34:
  1  5  2  3
  4  6 10  7
  9 14 11  _
  8 12 13 15

Passo 35:
  1  5  2  3
  4  6 10  7
  9 14  _ 11
  8 12 13 15

Passo 36:
  1  5  2  3
  4  6 10  7
  9  _ 14 11
  8 12 13 15

Passo 37:
  1  5  2  3
  4  6 10  7
  _  9 14 11
  8 12 13 15

Passo 38:
  1  5  2  3
  4  6 10  7
  8  9 14 11
  _ 12 13 15

Passo 39:
  1  5  2  3
  4  6 10  7
  8  9 14 11
 12  _ 13 15

Passo 40:
  1  5  2  3
  4  6 10  7
  8  9 14 11
 12 13  _ 15

Passo 41:
  1  5  2  3
  4  6 10  7
  8  9  _ 11
 12 13 14 15

Passo 42:
  1  5  2  3
  4  6  _  7
  8  9 10 11
 12 13 14 15

Passo 43:
  1  5  2  3
  4  _  6  7
  8  9 10 11
 12 13 14 15

Passo 44:
  1  _  2  3
  4  5  6  7
  8  9 10 11
 12 13 14 15

Passo 45:
  _  1  2  3
  4  5  6  7
  8  9 10 11
 12 13 14 15

