Algoritmo  : idastar_15p
Instancia  : 35
Heuristica : Manhattan + Conflito Linear
Status     : RESOLVIDO
Profundidade otima: 55 movimentos
Nos expandidos    : 11925069
Tempo             : 6656.17 ms

--- Solucao Otima Passo a Passo ---

Estado inicial:
  1  6 12 14
  3  2 15  8
  4  5 13  9
  _  7 11 10

Passo 1:
  1  6 12 14
  3  2 15  8
  _  5 13  9
  4  7 11 10

Passo 2:
  1  6 12 14
  3  2 15  8
  5  _ 13  9
  4  7 11 10

Passo 3:
  1  6 12 14
  3  2 15  8
  5 13  _  9
  4  7 11 10

Passo 4:
  1  6 12 14
  3  2  _  8
  5 13 15  9
  4  7 11 10

Passo 5:
  1  6  _ 14
  3  2 12  8
  5 13 15  9
  4  7 11 10

Passo 6:
  1  _  6 14
  3  2 12  8
  5 13 15  9
  4  7 11 10

Passo 7:
  1  2  6 14
  3  _ 12  8
  5 13 15  9
  4  7 11 10

Passo 8:
  1  2  6 14
  _  3 12  8
  5 13 15  9
  4  7 11 10

Passo 9:
  1  2  6 14
  5  3 12  8
  _ 13 15  9
  4  7 11 10

Passo 10:
  1  2  6 14
  5  3 12  8
 13  _ 15  9
  4  7 11 10

Passo 11:
  1  2  6 14
  5  3 12  8
 13 15  _  9
  4  7 11 10

Passo 12:
  1  2  6 14
  5  3  _  8
 13 15 12  9
  4  7 11 10

Passo 13:
  1  2  6 14
  5  _  3  8
 13 15 12  9
  4  7 11 10

Passo 14:
  1  _  6 14
  5  2  3  8
 13 15 12  9
  4  7 11 10

Passo 15:
  1  6  _ 14
  5  2  3  8
 13 15 12  9
  4  7 11 10

Passo 16:
  1  6  3 14
  5  2  _  8
 13 15 12  9
  4  7 11 10

Passo 17:
  1  6  3 14
  5  2  8  _
 13 15 12  9
  4  7 11 10

Passo 18:
  1  6  3 14
  5  2  8  9
 13 15 12  _
  4  7 11 10

Passo 19:
  1  6  3 14
  5  2  8  9
 13 15 12 10
  4  7 11  _

Passo 20:
  1  6  3 14
  5  2  8  9
 13 15 12 10
  4  7  _ 11

Passo 21:
  1  6  3 14
  5  2  8  9
 13 15  _ 10
  4  7 12 11

Passo 22:
  1  6  3 14
  5  2  8  9
 13  _ 15 10
  4  7 12 11

Passo 23:
  1  6  3 14
  5  2  8  9
 13  7 15 10
  4  _ 12 11

Passo 24:
  1  6  3 14
  5  2  8  9
 13  7 15 10
  4 12  _ 11

Passo 25:
  1  6  3 14
  5  2  8  9
 13  7  _ 10
  4 12 15 11

Passo 26:
  1  6  3 14
  5  2  _  9
 13  7  8 10
  4 12 15 11

Passo 27:
  1  6  3 14
  5  2  9  _
 13  7  8 10
  4 12 15 11

Passo 28:
  1  6  3  _
  5  2  9 14
 13  7  8 10
  4 12 15 11

Passo 29:
  1  6  _  3
  5  2  9 14
 13  7  8 10
  4 12 15 11

Passo 30:
  1  _  6  3
  5  2  9 14
 13  7  8 10
  4 12 15 11

Passo 31:
  1  2  6  3
  5  _  9 14
 13  7  8 10
  4 12 15 11

Passo 32:
  1  2  6  3
  5  7  9 14
 13  _  8 10
  4 12 15 11

Passo 33:
  1  2  6  3
  5  7  9 14
  _ 13  8 10
  4 12 15 11

Passo 34:
  1  2  6  3
  5  7  9 14
  4 13  8 10
  _ 12 15 11

Passo 35:
  1  2  6  3
  5  7  9 14
  4 13  8 10
 12  _ 15 11

Passo 36:
  1  2  6  3
  5  7  9 14
  4  _  8 10
 12 13 15 11

Passo 37:
  1  2  6  3
  5  7  9 14
  4  8  _ 10
 12 13 15 11

Passo 38:
  1  2  6  3
  5  7  _ 14
  4  8  9 10
 12 13 15 11

Passo 39:
  1  2  6  3
  5  _  7 14
  4  8  9 10
 12 13 15 11

Passo 40:
  1  2  6  3
  _  5  7 14
  4  8  9 10
 12 13 15 11

Passo 41:
  1  2  6  3
  4  5  7 14
  _  8  9 10
 12 13 15 11

Passo 42:
  1  2  6  3
  4  5  7 14
  8  _  9 10
 12 13 15 11

Passo 43:
  1  2  6  3
  4  5  7 14
  8  9  _ 10
 12 13 15 11

Passo 44:
  1  2  6  3
  4  5  7 14
  8  9 10  _
 12 13 15 11

Passo 45:
  1  2  6  3
  4  5  7  _
  8  9 10 14
 12 13 15 11

Passo 46:
  1  2  6  3
  4  5  _  7
  8  9 10 14
 12 13 15 11

Passo 47:
  1  2  6  3
  4  5 10  7
  8  9  _ 14
 12 13 15 11

Passo 48:
  1  2  6  3
  4  5 10  7
  8  9 14  _
 12 13 15 11

Passo 49:
  1  2  6  3
  4  5 10  7
  8  9 14 11
 12 13 15  _

Passo 50:
  1  2  6  3
  4  5 10  7
  8  9 14 11
 12 13  _ 15

Passo 51:
  1  2  6  3
  4  5 10  7
  8  9  _ 11
 12 13 14 15

Passo 52:
  1  2  6  3
  4  5  _  7
  8  9 10 11
 12 13 14 15

Passo 53:
  1  2  _  3
  4  5  6  7
  8  9 10 11
 12 13 14 15

Passo 54:
  1  _  2  3
  4  5  6  7
  8  9 10 11
 12 13 14 15

Passo 55:
  _  1  2  3
  4  5  6  7
  8  9 10 11
 12 13 14 15

