Algoritmo  : idastar_15p
Instancia  : 21
Heuristica : Manhattan + Conflito Linear
Status     : RESOLVIDO
Profundidade otima: 54 movimentos
Nos expandidos    : 11832331
Tempo             : 6466.85 ms

--- Solucao Otima Passo a Passo ---

Estado inicial:
 12  8 14  6
 11  4  7  _
  5  1 10 15
  3 13  9  2

Passo 1:
 12  8 14  6
 11  4  7 15
  5  1 10  _
  3 13  9  2

Passo 2:
 12  8 14  6
 11  4  7 15
  5  1 10  2
  3 13  9  _

Passo 3:
 12  8 14  6
 11  4  7 15
  5  1 10  2
  3 13  _  9

Passo 4:
 12  8 14  6
 11  4  7 15
  5  1  _  2
  3 13 10  9

Passo 5:
 12  8 14  6
 11  4  7 15
  5  1  2  _
  3 13 10  9

Passo 6:
 12  8 14  6
 11  4  7  _
  5  1  2 15
  3 13 10  9

Passo 7:
 12  8 14  6
 11  4  _  7
  5  1  2 15
  3 13 10  9

Passo 8:
 12  8 14  6
 11  4  2  7
  5  1  _ 15
  3 13 10  9

Passo 9:
 12  8 14  6
 11  4  2  7
  5  _  1 15
  3 13 10  9

Passo 10:
 12  8 14  6
 11  4  2  7
  _  5  1 15
  3 13 10  9

Passo 11:
 12  8 14  6
 11  4  2  7
  3  5  1 15
  _ 13 10  9

Passo 12:
 12  8 14  6
 11  4  2  7
  3  5  1 15
 13  _ 10  9

Passo 13:
 12  8 14  6
 11  4  2  7
  3  _  1 15
 13  5 10  9

Passo 14:
 12  8 14  6
 11  4  2  7
  _  3  1 15
 13  5 10  9

Passo 15:
 12  8 14  6
  _  4  2  7
 11  3  1 15
 13  5 10  9

Passo 16:
  _  8 14  6
 12  4  2  7
 11  3  1 15
 13  5 10  9

Passo 17:
  8  _ 14  6
 12  4  2  7
 11  3  1 15
 13  5 10  9

Passo 18:
  8  4 14  6
 12  _  2  7
 11  3  1 15
 13  5 10  9

Passo 19:
  8  4 14  6
 12  2  _  7
 11  3  1 15
 13  5 10  9

Passo 20:
  8  4 14  6
 12  2  1  7
 11  3  _ 15
 13  5 10  9

Passo 21:
  8  4 14  6
 12  2  1  7
 11  _  3 15
 13  5 10  9

Passo 22:
  8  4 14  6
 12  2  1  7
  _ 11  3 15
 13  5 10  9

Passo 23:
  8  4 14  6
  _  2  1  7
 12 11  3 15
 13  5 10  9

Passo 24:
  _  4 14  6
  8  2  1  7
 12 11  3 15
 13  5 10  9

Passo 25:
  4  _ 14  6
  8  2  1  7
 12 11  3 15
 13  5 10  9

Passo 26:
  4  2 14  6
  8  _  1  7
 12 11  3 15
 13  5 10  9

Passo 27:
  4  2 14  6
  8  1  _  7
 12 11  3 15
 13  5 10  9

Passo 28:
  4  2 14  6
  8  1  3  7
 12 11  _ 15
 13  5 10  9

Passo 29:
  4  2 14  6
  8  1  3  7
 12  _ 11 15
 13  5 10  9

Passo 30:
  4  2 14  6
  8  1  3  7
 12  5 11 15
 13  _ 10  9

Passo 31:
  4  2 14  6
  8  1  3  7
 12  5 11 15
 13 10  _  9

Passo 32:
  4  2 14  6
  8  1  3  7
 12  5 11 15
 13 10  9  _

Passo 33:
  4  2 14  6
  8  1  3  7
 12  5 11  _
 13 10  9 15

Passo 34:
  4  2 14  6
  8  1  3  _
 12  5 11  7
 13 10  9 15

Passo 35:
  4  2 14  6
  8  1  _  3
 12  5 11  7
 13 10  9 15

Passo 36:
  4  2  _  6
  8  1 14  3
 12  5 11  7
 13 10  9 15

Passo 37:
  4  2  6  _
  8  1 14  3
 12  5 11  7
 13 10  9 15

Passo 38:
  4  2  6  3
  8  1 14  _
 12  5 11  7
 13 10  9 15

Passo 39:
  4  2  6  3
  8  1 14  7
 12  5 11  _
 13 10  9 15

Passo 40:
  4  2  6  3
  8  1 14  7
 12  5  _ 11
 13 10  9 15

Passo 41:
  4  2  6  3
  8  1  _  7
 12  5 14 11
 13 10  9 15

Passo 42:
  4  2  _  3
  8  1  6  7
 12  5 14 11
 13 10  9 15

Passo 43:
  4  _  2  3
  8  1  6  7
 12  5 14 11
 13 10  9 15

Passo 44:
  4  1  2  3
  8  _  6  7
 12  5 14 11
 13 10  9 15

Passo 45:
  4  1  2  3
  8  5  6  7
 12  _ 14 11
 13 10  9 15

Passo 46:
  4  1  2  3
  8  5  6  7
 12 10 14 11
 13  _  9 15

Passo 47:
  4  1  2  3
  8  5  6  7
 12 10 14 11
 13  9  _ 15

Passo 48:
  4  1  2  3
  8  5  6  7
 12 10  _ 11
 13  9 14 15

Passo 49:
  4  1  2  3
  8  5  6  7
 12  _ 10 11
 13  9 14 15

Passo 50:
  4  1  2  3
  8  5  6  7
 12  9 10 11
 13  _ 14 15

Passo 51:
  4  1  2  3
  8  5  6  7
 12  9 10 11
  _ 13 14 15

Passo 52:
  4  1  2  3
  8  5  6  7
  _  9 10 11
 12 13 14 15

Passo 53:
  4  1  2  3
  _  5  6  7
  8  9 10 11
 12 13 14 15

Passo 54:
  _  1  2  3
  4  5  6  7
  8  9 10 11
 12 13 14 15

