Algoritmo  : idastar_15p
Instancia  : 18
Heuristica : Manhattan + Conflito Linear
Status     : RESOLVIDO
Profundidade otima: 55 movimentos
Nos expandidos    : 7310292
Tempo             : 3664.23 ms

--- Solucao Otima Passo a Passo ---

Estado inicial:
  6  _ 14 12
  1 15  9 10
 11  4  7  2
  8  3  5 13

Passo 1:
  6 14  _ 12
  1 15  9 10
 11  4  7  2
  8  3  5 13

Passo 2:
  6 14 12  _
  1 15  9 10
 11  4  7  2
  8  3  5 13

Passo 3:
  6 14 12 10
  1 15  9  _
 11  4  7  2
  8  3  5 13

Passo 4:
  6 14 12 10
  1 15  9  2
 11  4  7  _
  8  3  5 13

Passo 5:
  6 14 12 10
  1 15  9  2
 11  4  _  7
  8  3  5 13

Passo 6:
  6 14 12 10
  1 15  _  2
 11  4  9  7
  8  3  5 13

Passo 7:
  6 14  _ 10
  1 15 12  2
 11  4  9  7
  8  3  5 13

Passo 8:
  6  _ 14 10
  1 15 12  2
 11  4  9  7
  8  3  5 13

Passo 9:
  _  6 14 10
  1 15 12  2
 11  4  9  7
  8  3  5 13

Passo 10:
  1  6 14 10
  _ 15 12  2
 11  4  9  7
  8  3  5 13

Passo 11:
  1  6 14 10
 11 15 12  2
  _  4  9  7
  8  3  5 13

Passo 12:
  1  6 14 10
 11 15 12  2
  4  _  9  7
  8  3  5 13

Passo 13:
  1  6 14 10
 11 15 12  2
  4  9  _  7
  8  3  5 13

Passo 14:
  1  6 14 10
 11 15  _  2
  4  9 12  7
  8  3  5 13

Passo 15:
  1  6 14 10
 11  _ 15  2
  4  9 12  7
  8  3  5 13

Passo 16:
  1  6 14 10
  _ 11 15  2
  4  9 12  7
  8  3  5 13

Passo 17:
  1  6 14 10
  4 11 15  2
  _  9 12  7
  8  3  5 13

Passo 18:
  1  6 14 10
  4 11 15  2
  9  _ 12  7
  8  3  5 13

Passo 19:
  1  6 14 10
  4 11 15  2
  9  3 12  7
  8  _  5 13

Passo 20:
  1  6 14 10
  4 11 15  2
  9  3 12  7
  8  5  _ 13

Passo 21:
  1  6 14 10
  4 11 15  2
  9  3  _  7
  8  5 12 13

Passo 22:
  1  6 14 10
  4 11  _  2
  9  3 15  7
  8  5 12 13

Passo 23:
  1  6 14 10
  4 11  2  _
  9  3 15  7
  8  5 12 13

Passo 24:
  1  6 14 10
  4 11  2  7
  9  3 15  _
  8  5 12 13

Passo 25:
  1  6 14 10
  4 11  2  7
  9  3  _ 15
  8  5 12 13

Passo 26:
  1  6 14 10
  4 11  2  7
  9  _  3 15
  8  5 12 13

Passo 27:
  1  6 14 10
  4  _  2  7
  9 11  3 15
  8  5 12 13

Passo 28:
  1  6 14 10
  4  2  _  7
  9 11  3 15
  8  5 12 13

Passo 29:
  1  6 14 10
  4  2  3  7
  9 11  _ 15
  8  5 12 13

Passo 30:
  1  6 14 10
  4  2  3  7
  9  _ 11 15
  8  5 12 13

Passo 31:
  1  6 14 10
  4  2  3  7
  9  5 11 15
  8  _ 12 13

Passo 32:
  1  6 14 10
  4  2  3  7
  9  5 11 15
  8 12  _ 13

Passo 33:
  1  6 14 10
  4  2  3  7
  9  5 11 15
  8 12 13  _

Passo 34:
  1  6 14 10
  4  2  3  7
  9  5 11  _
  8 12 13 15

Passo 35:
  1  6 14 10
  4  2  3  _
  9  5 11  7
  8 12 13 15

Passo 36:
  1  6 14 10
  4  2  _  3
  9  5 11  7
  8 12 13 15

Passo 37:
  1  6  _ 10
  4  2 14  3
  9  5 11  7
  8 12 13 15

Passo 38:
  1  6 10  _
  4  2 14  3
  9  5 11  7
  8 12 13 15

Passo 39:
  1  6 10  3
  4  2 14  _
  9  5 11  7
  8 12 13 15

Passo 40:
  1  6 10  3
  4  2 14  7
  9  5 11  _
  8 12 13 15

Passo 41:
  1  6 10  3
  4  2 14  7
  9  5  _ 11
  8 12 13 15

Passo 42:
  1  6 10  3
  4  2  _  7
  9  5 14 11
  8 12 13 15

Passo 43:
  1  6  _  3
  4  2 10  7
  9  5 14 11
  8 12 13 15

Passo 44:
  1  _  6  3
  4  2 10  7
  9  5 14 11
  8 12 13 15

Passo 45:
  1  2  6  3
  4  _ 10  7
  9  5 14 11
  8 12 13 15

Passo 46:
  1  2  6  3
  4  5 10  7
  9  _ 14 11
  8 12 13 15

Passo 47:
  1  2  6  3
  4  5 10  7
  _  9 14 11
  8 12 13 15

Passo 48:
  1  2  6  3
  4  5 10  7
  8  9 14 11
  _ 12 13 15

Passo 49:
  1  2  6  3
  4  5 10  7
  8  9 14 11
 12  _ 13 15

Passo 50:
  1  2  6  3
  4  5 10  7
  8  9 14 11
 12 13  _ 15

Passo 51:
  1  2  6  3
  4  5 10  7
  8  9  _ 11
 12 13 14 15

Passo 52:
  1  2  6  3
  4  5  _  7
  8  9 10 11
 12 13 14 15

Passo 53:
  1  2  _  3
  4  5  6  7
  8  9 10 11
 12 13 14 15

Passo 54:
  1  _  2  3
  4  5  6  7
  8  9 10 11
 12 13 14 15

Passo 55:
  _  1  2  3
  4  5  6  7
  8  9 10 11
 12 13 14 15

