Algoritmo  : idastar_15p
Instancia  : 24
Heuristica : Manhattan + Conflito Linear
Status     : RESOLVIDO
Profundidade otima: 54 movimentos
Nos expandidos    : 18961703
Tempo             : 9724.79 ms

--- Solucao Otima Passo a Passo ---

Estado inicial:
  7  3 14 13
  4  1 10  8
  5 12  9 11
  2 15  6  _

Passo 1:
  7  3 14 13
  4  1 10  8
  5 12  9  _
  2 15  6 11

Passo 2:
  7  3 14 13
  4  1 10  _
  5 12  9  8
  2 15  6 11

Passo 3:
  7  3 14  _
  4  1 10 13
  5 12  9  8
  2 15  6 11

Passo 4:
  7  3  _ 14
  4  1 10 13
  5 12  9  8
  2 15  6 11

Passo 5:
  7  _  3 14
  4  1 10 13
  5 12  9  8
  2 15  6 11

Passo 6:
  _  7  3 14
  4  1 10 13
  5 12  9  8
  2 15  6 11

Passo 7:
  4  7  3 14
  _  1 10 13
  5 12  9  8
  2 15  6 11

Passo 8:
  4  7  3 14
  5  1 10 13
  _ 12  9  8
  2 15  6 11

Passo 9:
  4  7  3 14
  5  1 10 13
 12  _  9  8
  2 15  6 11

Passo 10:
  4  7  3 14
  5  1 10 13
 12  9  _  8
  2 15  6 11

Passo 11:
  4  7  3 14
  5  1 10 13
 12  9  6  8
  2 15  _ 11

Passo 12:
  4  7  3 14
  5  1 10 13
 12  9  6  8
  2  _ 15 11

Passo 13:
  4  7  3 14
  5  1 10 13
 12  _  6  8
  2  9 15 11

Passo 14:
  4  7  3 14
  5  1 10 13
 12  6  _  8
  2  9 15 11

Passo 15:
  4  7  3 14
  5  1 10 13
 12  6  8  _
  2  9 15 11

Passo 16:
  4  7  3 14
  5  1 10  _
 12  6  8 13
  2  9 15 11

Passo 17:
  4  7  3  _
  5  1 10 14
 12  6  8 13
  2  9 15 11

Passo 18:
  4  7  _  3
  5  1 10 14
 12  6  8 13
  2  9 15 11

Passo 19:
  4  _  7  3
  5  1 10 14
 12  6  8 13
  2  9 15 11

Passo 20:
  4  1  7  3
  5  _ 10 14
 12  6  8 13
  2  9 15 11

Passo 21:
  4  1  7  3
  5  6 10 14
 12  _  8 13
  2  9 15 11

Passo 22:
  4  1  7  3
  5  6 10 14
 12  8  _ 13
  2  9 15 11

Passo 23:
  4  1  7  3
  5  6 10 14
 12  8 13  _
  2  9 15 11

Passo 24:
  4  1  7  3
  5  6 10 14
 12  8 13 11
  2  9 15  _

Passo 25:
  4  1  7  3
  5  6 10 14
 12  8 13 11
  2  9  _ 15

Passo 26:
  4  1  7  3
  5  6 10 14
 12  8 13 11
  2  _  9 15

Passo 27:
  4  1  7  3
  5  6 10 14
 12  8 13 11
  _  2  9 15

Passo 28:
  4  1  7  3
  5  6 10 14
  _  8 13 11
 12  2  9 15

Passo 29:
  4  1  7  3
  5  6 10 14
  8  _ 13 11
 12  2  9 15

Passo 30:
  4  1  7  3
  5  6 10 14
  8  2 13 11
 12  _  9 15

Passo 31:
  4  1  7  3
  5  6 10 14
  8  2 13 11
 12  9  _ 15

Passo 32:
  4  1  7  3
  5  6 10 14
  8  2  _ 11
 12  9 13 15

Passo 33:
  4  1  7  3
  5  6  _ 14
  8  2 10 11
 12  9 13 15

Passo 34:
  4  1  7  3
  5  6 14  _
  8  2 10 11
 12  9 13 15

Passo 35:
  4  1  7  3
  5  6 14 11
  8  2 10  _
 12  9 13 15

Passo 36:
  4  1  7  3
  5  6 14 11
  8  2  _ 10
 12  9 13 15

Passo 37:
  4  1  7  3
  5  6  _ 11
  8  2 14 10
 12  9 13 15

Passo 38:
  4  1  _  3
  5  6  7 11
  8  2 14 10
 12  9 13 15

Passo 39:
  4  _  1  3
  5  6  7 11
  8  2 14 10
 12  9 13 15

Passo 40:
  4  6  1  3
  5  _  7 11
  8  2 14 10
 12  9 13 15

Passo 41:
  4  6  1  3
  5  2  7 11
  8  _ 14 10
 12  9 13 15

Passo 42:
  4  6  1  3
  5  2  7 11
  8  9 14 10
 12  _ 13 15

Passo 43:
  4  6  1  3
  5  2  7 11
  8  9 14 10
 12 13  _ 15

Passo 44:
  4  6  1  3
  5  2  7 11
  8  9  _ 10
 12 13 14 15

Passo 45:
  4  6  1  3
  5  2  7 11
  8  9 10  _
 12 13 14 15

Passo 46:
  4  6  1  3
  5  2  7  _
  8  9 10 11
 12 13 14 15

Passo 47:
  4  6  1  3
  5  2  _  7
  8  9 10 11
 12 13 14 15

Passo 48:
  4  6  1  3
  5  _  2  7
  8  9 10 11
 12 13 14 15

Passo 49:
  4  _  1  3
  5  6  2  7
  8  9 10 11
 12 13 14 15

Passo 50:
  4  1  _  3
  5  6  2  7
  8  9 10 11
 12 13 14 15

Passo 51:
  4  1  2  3
  5  6  _  7
  8  9 10 11
 12 13 14 15

Passo 52:
  4  1  2  3
  5  _  6  7
  8  9 10 11
 12 13 14 15

Passo 53:
  4  1  2  3
  _  5  6  7
  8  9 10 11
 12 13 14 15

Passo 54:
  _  1  2  3
  4  5  6  7
  8  9 10 11
 12 13 14 15

