Algoritmo  : idastar_15p
Instancia  : 2
Heuristica : Manhattan + Conflito Linear
Status     : RESOLVIDO
Profundidade otima: 55 movimentos
Nos expandidos    : 3374368
Tempo             : 1330.77 ms

--- Solucao Otima Passo a Passo ---

Estado inicial:
 13  5  4 10
  9 12  8 14
  2  3  7  1
  _ 15 11  6

Passo 1:
 13  5  4 10
  9 12  8 14
  _  3  7  1
  2 15 11  6

Passo 2:
 13  5  4 10
  _ 12  8 14
  9  3  7  1
  2 15 11  6

Passo 3:
  _  5  4 10
 13 12  8 14
  9  3  7  1
  2 15 11  6

Passo 4:
  5  _  4 10
 13 12  8 14
  9  3  7  1
  2 15 11  6

Passo 5:
  5 12  4 10
 13  _  8 14
  9  3  7  1
  2 15 11  6

Passo 6:
  5 12  4 10
 13  8  _ 14
  9  3  7  1
  2 15 11  6

Passo 7:
  5 12  4 10
 13  8  7 14
  9  3  _  1
  2 15 11  6

Passo 8:
  5 12  4 10
 13  8  7 14
  9  _  3  1
  2 15 11  6

Passo 9:
  5 12  4 10
 13  _  7 14
  9  8  3  1
  2 15 11  6

Passo 10:
  5  _  4 10
 13 12  7 14
  9  8  3  1
  2 15 11  6

Passo 11:
  5  4  _ 10
 13 12  7 14
  9  8  3  1
  2 15 11  6

Passo 12:
  5  4  7 10
 13 12  _ 14
  9  8  3  1
  2 15 11  6

Passo 13:
  5  4  7 10
 13 12  3 14
  9  8  _  1
  2 15 11  6

Passo 14:
  5  4  7 10
 13 12  3 14
  9  8  1  _
  2 15 11  6

Passo 15:
  5  4  7 10
 13 12  3  _
  9  8  1 14
  2 15 11  6

Passo 16:
  5  4  7  _
 13 12  3 10
  9  8  1 14
  2 15 11  6

Passo 17:
  5  4  _  7
 13 12  3 10
  9  8  1 14
  2 15 11  6

Passo 18:
  5  4  3  7
 13 12  _ 10
  9  8  1 14
  2 15 11  6

Passo 19:
  5  4  3  7
 13 12  1 10
  9  8  _ 14
  2 15 11  6

Passo 20:
  5  4  3  7
 13 12  1 10
  9  8 14  _
  2 15 11  6

Passo 21:
  5  4  3  7
 13 12  1 10
  9  8 14  6
  2 15 11  _

Passo 22:
  5  4  3  7
 13 12  1 10
  9  8 14  6
  2 15  _ 11

Passo 23:
  5  4  3  7
 13 12  1 10
  9  8 14  6
  2  _ 15 11

Passo 24:
  5  4  3  7
 13 12  1 10
  9  _ 14  6
  2  8 15 11

Passo 25:
  5  4  3  7
 13  _  1 10
  9 12 14  6
  2  8 15 11

Passo 26:
  5  4  3  7
  _ 13  1 10
  9 12 14  6
  2  8 15 11

Passo 27:
  5  4  3  7
  9 13  1 10
  _ 12 14  6
  2  8 15 11

Passo 28:
  5  4  3  7
  9 13  1 10
  2 12 14  6
  _  8 15 11

Passo 29:
  5  4  3  7
  9 13  1 10
  2 12 14  6
  8  _ 15 11

Passo 30:
  5  4  3  7
  9 13  1 10
  2  _ 14  6
  8 12 15 11

Passo 31:
  5  4  3  7
  9  _  1 10
  2 13 14  6
  8 12 15 11

Passo 32:
  5  4  3  7
  _  9  1 10
  2 13 14  6
  8 12 15 11

Passo 33:
  5  4  3  7
  2  9  1 10
  _ 13 14  6
  8 12 15 11

Passo 34:
  5  4  3  7
  2  9  1 10
  8 13 14  6
  _ 12 15 11

Passo 35:
  5  4  3  7
  2  9  1 10
  8 13 14  6
 12  _ 15 11

Passo 36:
  5  4  3  7
  2  9  1 10
  8  _ 14  6
 12 13 15 11

Passo 37:
  5  4  3  7
  2  _  1 10
  8  9 14  6
 12 13 15 11

Passo 38:
  5  4  3  7
  _  2  1 10
  8  9 14  6
 12 13 15 11

Passo 39:
  _  4  3  7
  5  2  1 10
  8  9 14  6
 12 13 15 11

Passo 40:
  4  _  3  7
  5  2  1 10
  8  9 14  6
 12 13 15 11

Passo 41:
  4  2  3  7
  5  _  1 10
  8  9 14  6
 12 13 15 11

Passo 42:
  4  2  3  7
  5  1  _ 10
  8  9 14  6
 12 13 15 11

Passo 43:
  4  2  3  7
  5  1 10  _
  8  9 14  6
 12 13 15 11

Passo 44:
  4  2  3  7
  5  1 10  6
  8  9 14  _
 12 13 15 11

Passo 45:
  4  2  3  7
  5  1 10  6
  8  9 14 11
 12 13 15  _

Passo 46:
  4  2  3  7
  5  1 10  6
  8  9 14 11
 12 13  _ 15

Passo 47:
  4  2  3  7
  5  1 10  6
  8  9  _ 11
 12 13 14 15

Passo 48:
  4  2  3  7
  5  1  _  6
  8  9 10 11
 12 13 14 15

Passo 49:
  4  2  3  7
  5  1  6  _
  8  9 10 11
 12 13 14 15

Passo 50:
  4  2  3  _
  5  1  6  7
  8  9 10 11
 12 13 14 15

Passo 51:
  4  2  _  3
  5  1  6  7
  8  9 10 11
 12 13 14 15

Passo 52:
  4  _  2  3
  5  1  6  7
  8  9 10 11
 12 13 14 15

Passo 53:
  4  1  2  3
  5  _  6  7
  8  9 10 11
 12 13 14 15

Passo 54:
  4  1  2  3
  _  5  6  7
  8  9 10 11
 12 13 14 15

Passo 55:
  _  1  2  3
  4  5  6  7
  8  9 10 11
 12 13 14 15

