Algoritmo  : idastar_15p
Instancia  : 46
Heuristica : Manhattan + Conflito Linear
Status     : RESOLVIDO
Profundidade otima: 49 movimentos
Nos expandidos    : 1347784
Tempo             : 1490.49 ms

--- Solucao Otima Passo a Passo ---

Estado inicial:
  8  4  6  1
 14 12  2 15
 13 10  9  5
  3  7  _ 11

Passo 1:
  8  4  6  1
 14 12  2 15
 13 10  _  5
  3  7  9 11

Passo 2:
  8  4  6  1
 14 12  2 15
 13 10  5  _
  3  7  9 11

Passo 3:
  8  4  6  1
 14 12  2  _
 13 10  5 15
  3  7  9 11

Passo 4:
  8  4  6  1
 14 12  _  2
 13 10  5 15
  3  7  9 11

Passo 5:
  8  4  6  1
 14 12  5  2
 13 10  _ 15
  3  7  9 11

Passo 6:
  8  4  6  1
 14 12  5  2
 13 10  9 15
  3  7  _ 11

Passo 7:
  8  4  6  1
 14 12  5  2
 13 10  9 15
  3  _  7 11

Passo 8:
  8  4  6  1
 14 12  5  2
 13 10  9 15
  _  3  7 11

Passo 9:
  8  4  6  1
 14 12  5  2
  _ 10  9 15
 13  3  7 11

Passo 10:
  8  4  6  1
  _ 12  5  2
 14 10  9 15
 13  3  7 11

Passo 11:
  8  4  6  1
 12  _  5  2
 14 10  9 15
 13  3  7 11

Passo 12:
  8  4  6  1
 12  5  _  2
 14 10  9 15
 13  3  7 11

Passo 13:
  8  4  6  1
 12  5  9  2
 14 10  _ 15
 13  3  7 11

Passo 14:
  8  4  6  1
 12  5  9  2
 14 10  7 15
 13  3  _ 11

Passo 15:
  8  4  6  1
 12  5  9  2
 14 10  7 15
 13  _  3 11

Passo 16:
  8  4  6  1
 12  5  9  2
 14  _  7 15
 13 10  3 11

Passo 17:
  8  4  6  1
 12  5  9  2
  _ 14  7 15
 13 10  3 11

Passo 18:
  8  4  6  1
  _  5  9  2
 12 14  7 15
 13 10  3 11

Passo 19:
  _  4  6  1
  8  5  9  2
 12 14  7 15
 13 10  3 11

Passo 20:
  4  _  6  1
  8  5  9  2
 12 14  7 15
 13 10  3 11

Passo 21:
  4  5  6  1
  8  _  9  2
 12 14  7 15
 13 10  3 11

Passo 22:
  4  5  6  1
  8  9  _  2
 12 14  7 15
 13 10  3 11

Passo 23:
  4  5  6  1
  8  9  7  2
 12 14  _ 15
 13 10  3 11

Passo 24:
  4  5  6  1
  8  9  7  2
 12 14  3 15
 13 10  _ 11

Passo 25:
  4  5  6  1
  8  9  7  2
 12 14  3 15
 13 10 11  _

Passo 26:
  4  5  6  1
  8  9  7  2
 12 14  3  _
 13 10 11 15

Passo 27:
  4  5  6  1
  8  9  7  2
 12 14  _  3
 13 10 11 15

Passo 28:
  4  5  6  1
  8  9  _  2
 12 14  7  3
 13 10 11 15

Passo 29:
  4  5  _  1
  8  9  6  2
 12 14  7  3
 13 10 11 15

Passo 30:
  4  5  1  _
  8  9  6  2
 12 14  7  3
 13 10 11 15

Passo 31:
  4  5  1  2
  8  9  6  _
 12 14  7  3
 13 10 11 15

Passo 32:
  4  5  1  2
  8  9  6  3
 12 14  7  _
 13 10 11 15

Passo 33:
  4  5  1  2
  8  9  6  3
 12 14  _  7
 13 10 11 15

Passo 34:
  4  5  1  2
  8  9  6  3
 12 14 11  7
 13 10  _ 15

Passo 35:
  4  5  1  2
  8  9  6  3
 12 14 11  7
 13  _ 10 15

Passo 36:
  4  5  1  2
  8  9  6  3
 12  _ 11  7
 13 14 10 15

Passo 37:
  4  5  1  2
  8  _  6  3
 12  9 11  7
 13 14 10 15

Passo 38:
  4  _  1  2
  8  5  6  3
 12  9 11  7
 13 14 10 15

Passo 39:
  4  1  _  2
  8  5  6  3
 12  9 11  7
 13 14 10 15

Passo 40:
  4  1  2  _
  8  5  6  3
 12  9 11  7
 13 14 10 15

Passo 41:
  4  1  2  3
  8  5  6  _
 12  9 11  7
 13 14 10 15

Passo 42:
  4  1  2  3
  8  5  6  7
 12  9 11  _
 13 14 10 15

Passo 43:
  4  1  2  3
  8  5  6  7
 12  9  _ 11
 13 14 10 15

Passo 44:
  4  1  2  3
  8  5  6  7
 12  9 10 11
 13 14  _ 15

Passo 45:
  4  1  2  3
  8  5  6  7
 12  9 10 11
 13  _ 14 15

Passo 46:
  4  1  2  3
  8  5  6  7
 12  9 10 11
  _ 13 14 15

Passo 47:
  4  1  2  3
  8  5  6  7
  _  9 10 11
 12 13 14 15

Passo 48:
  4  1  2  3
  _  5  6  7
  8  9 10 11
 12 13 14 15

Passo 49:
  _  1  2  3
  4  5  6  7
  8  9 10 11
 12 13 14 15

