Algoritmo  : idastar_15p
Instancia  : 80
Heuristica : Manhattan + Conflito Linear
Status     : RESOLVIDO
Profundidade otima: 57 movimentos
Nos expandidos    : 8806574
Tempo             : 5200.96 ms

--- Solucao Otima Passo a Passo ---

Estado inicial:
 11  _ 15  8
 13 12  3  5
 10  1  4  6
 14  9  7  2

Passo 1:
 11 12 15  8
 13  _  3  5
 10  1  4  6
 14  9  7  2

Passo 2:
 11 12 15  8
 13  1  3  5
 10  _  4  6
 14  9  7  2

Passo 3:
 11 12 15  8
 13  1  3  5
  _ 10  4  6
 14  9  7  2

Passo 4:
 11 12 15  8
  _  1  3  5
 13 10  4  6
 14  9  7  2

Passo 5:
  _ 12 15  8
 11  1  3  5
 13 10  4  6
 14  9  7  2

Passo 6:
 12  _ 15  8
 11  1  3  5
 13 10  4  6
 14  9  7  2

Passo 7:
 12  1 15  8
 11  _  3  5
 13 10  4  6
 14  9  7  2

Passo 8:
 12  1 15  8
 11  3  _  5
 13 10  4  6
 14  9  7  2

Passo 9:
 12  1  _  8
 11  3 15  5
 13 10  4  6
 14  9  7  2

Passo 10:
 12  1  8  _
 11  3 15  5
 13 10  4  6
 14  9  7  2

Passo 11:
 12  1  8  5
 11  3 15  _
 13 10  4  6
 14  9  7  2

Passo 12:
 12  1  8  5
 11  3 15  6
 13 10  4  _
 14  9  7  2

Passo 13:
 12  1  8  5
 11  3 15  6
 13 10  _  4
 14  9  7  2

Passo 14:
 12  1  8  5
 11  3  _  6
 13 10 15  4
 14  9  7  2

Passo 15:
 12  1  8  5
 11  _  3  6
 13 10 15  4
 14  9  7  2

Passo 16:
 12  1  8  5
  _ 11  3  6
 13 10 15  4
 14  9  7  2

Passo 17:
  _  1  8  5
 12 11  3  6
 13 10 15  4
 14  9  7  2

Passo 18:
  1  _  8  5
 12 11  3  6
 13 10 15  4
 14  9  7  2

Passo 19:
  1  8  _  5
 12 11  3  6
 13 10 15  4
 14  9  7  2

Passo 20:
  1  8  5  _
 12 11  3  6
 13 10 15  4
 14  9  7  2

Passo 21:
  1  8  5  6
 12 11  3  _
 13 10 15  4
 14  9  7  2

Passo 22:
  1  8  5  6
 12 11  3  4
 13 10 15  _
 14  9  7  2

Passo 23:
  1  8  5  6
 12 11  3  4
 13 10 15  2
 14  9  7  _

Passo 24:
  1  8  5  6
 12 11  3  4
 13 10 15  2
 14  9  _  7

Passo 25:
  1  8  5  6
 12 11  3  4
 13 10  _  2
 14  9 15  7

Passo 26:
  1  8  5  6
 12 11  3  4
 13  _ 10  2
 14  9 15  7

Passo 27:
  1  8  5  6
 12  _  3  4
 13 11 10  2
 14  9 15  7

Passo 28:
  1  _  5  6
 12  8  3  4
 13 11 10  2
 14  9 15  7

Passo 29:
  1  5  _  6
 12  8  3  4
 13 11 10  2
 14  9 15  7

Passo 30:
  1  5  3  6
 12  8  _  4
 13 11 10  2
 14  9 15  7

Passo 31:
  1  5  3  6
 12  8  4  _
 13 11 10  2
 14  9 15  7

Passo 32:
  1  5  3  6
 12  8  4  2
 13 11 10  _
 14  9 15  7

Passo 33:
  1  5  3  6
 12  8  4  2
 13 11 10  7
 14  9 15  _

Passo 34:
  1  5  3  6
 12  8  4  2
 13 11 10  7
 14  9  _ 15

Passo 35:
  1  5  3  6
 12  8  4  2
 13 11  _  7
 14  9 10 15

Passo 36:
  1  5  3  6
 12  8  4  2
 13  _ 11  7
 14  9 10 15

Passo 37:
  1  5  3  6
 12  8  4  2
 13  9 11  7
 14  _ 10 15

Passo 38:
  1  5  3  6
 12  8  4  2
 13  9 11  7
  _ 14 10 15

Passo 39:
  1  5  3  6
 12  8  4  2
  _  9 11  7
 13 14 10 15

Passo 40:
  1  5  3  6
  _  8  4  2
 12  9 11  7
 13 14 10 15

Passo 41:
  1  5  3  6
  8  _  4  2
 12  9 11  7
 13 14 10 15

Passo 42:
  1  5  3  6
  8  4  _  2
 12  9 11  7
 13 14 10 15

Passo 43:
  1  5  3  6
  8  4  2  _
 12  9 11  7
 13 14 10 15

Passo 44:
  1  5  3  _
  8  4  2  6
 12  9 11  7
 13 14 10 15

Passo 45:
  1  5  _  3
  8  4  2  6
 12  9 11  7
 13 14 10 15

Passo 46:
  1  5  2  3
  8  4  _  6
 12  9 11  7
 13 14 10 15

Passo 47:
  1  5  2  3
  8  4  6  _
 12  9 11  7
 13 14 10 15

Passo 48:
  1  5  2  3
  8  4  6  7
 12  9 11  _
 13 14 10 15

Passo 49:
  1  5  2  3
  8  4  6  7
 12  9  _ 11
 13 14 10 15

Passo 50:
  1  5  2  3
  8  4  6  7
 12  9 10 11
 13 14  _ 15

Passo 51:
  1  5  2  3
  8  4  6  7
 12  9 10 11
 13  _ 14 15

Passo 52:
  1  5  2  3
  8  4  6  7
 12  9 10 11
  _ 13 14 15

Passo 53:
  1  5  2  3
  8  4  6  7
  _  9 10 11
 12 13 14 15

Passo 54:
  1  5  2  3
  _  4  6  7
  8  9 10 11
 12 13 14 15

Passo 55:
  1  5  2  3
  4  _  6  7
  8  9 10 11
 12 13 14 15

Passo 56:
  1  _  2  3
  4  5  6  7
  8  9 10 11
 12 13 14 15

Passo 57:
  _  1  2  3
  4  5  6  7
  8  9 10 11
 12 13 14 15

