Algoritmo  : idastar_15p
Instancia  : 6
Heuristica : Manhattan + Conflito Linear
Status     : RESOLVIDO
Profundidade otima: 52 movimentos
Nos expandidos    : 4203855
Tempo             : 1586.76 ms

--- Solucao Otima Passo a Passo ---

Estado inicial:
 14  7  1  9
 12  3  6 15
  8 11  2  5
 10  _  4 13

Passo 1:
 14  7  1  9
 12  3  6 15
  8 11  2  5
 10  4  _ 13

Passo 2:
 14  7  1  9
 12  3  6 15
  8 11  2  5
 10  4 13  _

Passo 3:
 14  7  1  9
 12  3  6 15
  8 11  2  _
 10  4 13  5

Passo 4:
 14  7  1  9
 12  3  6  _
  8 11  2 15
 10  4 13  5

Passo 5:
 14  7  1  9
 12  3  _  6
  8 11  2 15
 10  4 13  5

Passo 6:
 14  7  1  9
 12  _  3  6
  8 11  2 15
 10  4 13  5

Passo 7:
 14  _  1  9
 12  7  3  6
  8 11  2 15
 10  4 13  5

Passo 8:
 14  1  _  9
 12  7  3  6
  8 11  2 15
 10  4 13  5

Passo 9:
 14  1  9  _
 12  7  3  6
  8 11  2 15
 10  4 13  5

Passo 10:
 14  1  9  6
 12  7  3  _
  8 11  2 15
 10  4 13  5

Passo 11:
 14  1  9  6
 12  7  _  3
  8 11  2 15
 10  4 13  5

Passo 12:
 14  1  9  6
 12  7  2  3
  8 11  _ 15
 10  4 13  5

Passo 13:
 14  1  9  6
 12  7  2  3
  8  _ 11 15
 10  4 13  5

Passo 14:
 14  1  9  6
 12  7  2  3
  _  8 11 15
 10  4 13  5

Passo 15:
 14  1  9  6
  _  7  2  3
 12  8 11 15
 10  4 13  5

Passo 16:
  _  1  9  6
 14  7  2  3
 12  8 11 15
 10  4 13  5

Passo 17:
  1  _  9  6
 14  7  2  3
 12  8 11 15
 10  4 13  5

Passo 18:
  1  9  _  6
 14  7  2  3
 12  8 11 15
 10  4 13  5

Passo 19:
  1  9  2  6
 14  7  _  3
 12  8 11 15
 10  4 13  5

Passo 20:
  1  9  2  6
 14  _  7  3
 12  8 11 15
 10  4 13  5

Passo 21:
  1  9  2  6
 14  8  7  3
 12  _ 11 15
 10  4 13  5

Passo 22:
  1  9  2  6
 14  8  7  3
 12  4 11 15
 10  _ 13  5

Passo 23:
  1  9  2  6
 14  8  7  3
 12  4 11 15
 10 13  _  5

Passo 24:
  1  9  2  6
 14  8  7  3
 12  4 11 15
 10 13  5  _

Passo 25:
  1  9  2  6
 14  8  7  3
 12  4 11  _
 10 13  5 15

Passo 26:
  1  9  2  6
 14  8  7  3
 12  4  _ 11
 10 13  5 15

Passo 27:
  1  9  2  6
 14  8  7  3
 12  4  5 11
 10 13  _ 15

Passo 28:
  1  9  2  6
 14  8  7  3
 12  4  5 11
 10  _ 13 15

Passo 29:
  1  9  2  6
 14  8  7  3
 12  4  5 11
  _ 10 13 15

Passo 30:
  1  9  2  6
 14  8  7  3
  _  4  5 11
 12 10 13 15

Passo 31:
  1  9  2  6
  _  8  7  3
 14  4  5 11
 12 10 13 15

Passo 32:
  1  9  2  6
  8  _  7  3
 14  4  5 11
 12 10 13 15

Passo 33:
  1  9  2  6
  8  4  7  3
 14  _  5 11
 12 10 13 15

Passo 34:
  1  9  2  6
  8  4  7  3
  _ 14  5 11
 12 10 13 15

Passo 35:
  1  9  2  6
  _  4  7  3
  8 14  5 11
 12 10 13 15

Passo 36:
  1  9  2  6
  4  _  7  3
  8 14  5 11
 12 10 13 15

Passo 37:
  1  _  2  6
  4  9  7  3
  8 14  5 11
 12 10 13 15

Passo 38:
  1  2  _  6
  4  9  7  3
  8 14  5 11
 12 10 13 15

Passo 39:
  1  2  6  _
  4  9  7  3
  8 14  5 11
 12 10 13 15

Passo 40:
  1  2  6  3
  4  9  7  _
  8 14  5 11
 12 10 13 15

Passo 41:
  1  2  6  3
  4  9  _  7
  8 14  5 11
 12 10 13 15

Passo 42:
  1  2  6  3
  4  9  5  7
  8 14  _ 11
 12 10 13 15

Passo 43:
  1  2  6  3
  4  9  5  7
  8  _ 14 11
 12 10 13 15

Passo 44:
  1  2  6  3
  4  9  5  7
  8 10 14 11
 12  _ 13 15

Passo 45:
  1  2  6  3
  4  9  5  7
  8 10 14 11
 12 13  _ 15

Passo 46:
  1  2  6  3
  4  9  5  7
  8 10  _ 11
 12 13 14 15

Passo 47:
  1  2  6  3
  4  9  5  7
  8  _ 10 11
 12 13 14 15

Passo 48:
  1  2  6  3
  4  _  5  7
  8  9 10 11
 12 13 14 15

Passo 49:
  1  2  6  3
  4  5  _  7
  8  9 10 11
 12 13 14 15

Passo 50:
  1  2  _  3
  4  5  6  7
  8  9 10 11
 12 13 14 15

Passo 51:
  1  _  2  3
  4  5  6  7
  8  9 10 11
 12 13 14 15

Passo 52:
  _  1  2  3
  4  5  6  7
  8  9 10 11
 12 13 14 15

