Algoritmo  : idastar_15p
Instancia  : 8
Heuristica : Manhattan + Conflito Linear
Status     : RESOLVIDO
Profundidade otima: 50 movimentos
Nos expandidos    : 4562622
Tempo             : 4956.32 ms

--- Solucao Otima Passo a Passo ---

Estado inicial:
 12 11 15  3
  8  _  4  2
  6 13  9  5
 14  1 10  7

Passo 1:
 12 11 15  3
  8  4  _  2
  6 13  9  5
 14  1 10  7

Passo 2:
 12 11  _  3
  8  4 15  2
  6 13  9  5
 14  1 10  7

Passo 3:
 12  _ 11  3
  8  4 15  2
  6 13  9  5
 14  1 10  7

Passo 4:
 12  4 11  3
  8  _ 15  2
  6 13  9  5
 14  1 10  7

Passo 5:
 12  4 11  3
  _  8 15  2
  6 13  9  5
 14  1 10  7

Passo 6:
 12  4 11  3
  6  8 15  2
  _ 13  9  5
 14  1 10  7

Passo 7:
 12  4 11  3
  6  8 15  2
 13  _  9  5
 14  1 10  7

Passo 8:
 12  4 11  3
  6  8 15  2
 13  9  _  5
 14  1 10  7

Passo 9:
 12  4 11  3
  6  8  _  2
 13  9 15  5
 14  1 10  7

Passo 10:
 12  4  _  3
  6  8 11  2
 13  9 15  5
 14  1 10  7

Passo 11:
 12  _  4  3
  6  8 11  2
 13  9 15  5
 14  1 10  7

Passo 12:
 12  8  4  3
  6  _ 11  2
 13  9 15  5
 14  1 10  7

Passo 13:
 12  8  4  3
  6  9 11  2
 13  _ 15  5
 14  1 10  7

Passo 14:
 12  8  4  3
  6  9 11  2
 13  1 15  5
 14  _ 10  7

Passo 15:
 12  8  4  3
  6  9 11  2
 13  1 15  5
 14 10  _  7

Passo 16:
 12  8  4  3
  6  9 11  2
 13  1  _  5
 14 10 15  7

Passo 17:
 12  8  4  3
  6  9  _  2
 13  1 11  5
 14 10 15  7

Passo 18:
 12  8  4  3
  6  9  2  _
 13  1 11  5
 14 10 15  7

Passo 19:
 12  8  4  3
  6  9  2  5
 13  1 11  _
 14 10 15  7

Passo 20:
 12  8  4  3
  6  9  2  5
 13  1 11  7
 14 10 15  _

Passo 21:
 12  8  4  3
  6  9  2  5
 13  1 11  7
 14 10  _ 15

Passo 22:
 12  8  4  3
  6  9  2  5
 13  1 11  7
 14  _ 10 15

Passo 23:
 12  8  4  3
  6  9  2  5
 13  1 11  7
  _ 14 10 15

Passo 24:
 12  8  4  3
  6  9  2  5
  _  1 11  7
 13 14 10 15

Passo 25:
 12  8  4  3
  _  9  2  5
  6  1 11  7
 13 14 10 15

Passo 26:
  _  8  4  3
 12  9  2  5
  6  1 11  7
 13 14 10 15

Passo 27:
  8  _  4  3
 12  9  2  5
  6  1 11  7
 13 14 10 15

Passo 28:
  8  4  _  3
 12  9  2  5
  6  1 11  7
 13 14 10 15

Passo 29:
  8  4  2  3
 12  9  _  5
  6  1 11  7
 13 14 10 15

Passo 30:
  8  4  2  3
 12  _  9  5
  6  1 11  7
 13 14 10 15

Passo 31:
  8  4  2  3
 12  1  9  5
  6  _ 11  7
 13 14 10 15

Passo 32:
  8  4  2  3
 12  1  9  5
  _  6 11  7
 13 14 10 15

Passo 33:
  8  4  2  3
  _  1  9  5
 12  6 11  7
 13 14 10 15

Passo 34:
  _  4  2  3
  8  1  9  5
 12  6 11  7
 13 14 10 15

Passo 35:
  4  _  2  3
  8  1  9  5
 12  6 11  7
 13 14 10 15

Passo 36:
  4  1  2  3
  8  _  9  5
 12  6 11  7
 13 14 10 15

Passo 37:
  4  1  2  3
  8  9  _  5
 12  6 11  7
 13 14 10 15

Passo 38:
  4  1  2  3
  8  9  5  _
 12  6 11  7
 13 14 10 15

Passo 39:
  4  1  2  3
  8  9  5  7
 12  6 11  _
 13 14 10 15

Passo 40:
  4  1  2  3
  8  9  5  7
 12  6  _ 11
 13 14 10 15

Passo 41:
  4  1  2  3
  8  9  5  7
 12  _  6 11
 13 14 10 15

Passo 42:
  4  1  2  3
  8  _  5  7
 12  9  6 11
 13 14 10 15

Passo 43:
  4  1  2  3
  8  5  _  7
 12  9  6 11
 13 14 10 15

Passo 44:
  4  1  2  3
  8  5  6  7
 12  9  _ 11
 13 14 10 15

Passo 45:
  4  1  2  3
  8  5  6  7
 12  9 10 11
 13 14  _ 15

Passo 46:
  4  1  2  3
  8  5  6  7
 12  9 10 11
 13  _ 14 15

Passo 47:
  4  1  2  3
  8  5  6  7
 12  9 10 11
  _ 13 14 15

Passo 48:
  4  1  2  3
  8  5  6  7
  _  9 10 11
 12 13 14 15

Passo 49:
  4  1  2  3
  _  5  6  7
  8  9 10 11
 12 13 14 15

Passo 50:
  _  1  2  3
  4  5  6  7
  8  9 10 11
 12 13 14 15

