Algoritmo  : idastar_15p
Instancia  : 57
Heuristica : Manhattan + Conflito Linear
Status     : RESOLVIDO
Profundidade otima: 50 movimentos
Nos expandidos    : 3063963
Tempo             : 1480.74 ms

--- Solucao Otima Passo a Passo ---

Estado inicial:
  5 11  6  9
  4 13 12  _
  8  2 15 10
  1  7  3 14

Passo 1:
  5 11  6  9
  4 13 12 10
  8  2 15  _
  1  7  3 14

Passo 2:
  5 11  6  9
  4 13 12 10
  8  2  _ 15
  1  7  3 14

Passo 3:
  5 11  6  9
  4 13  _ 10
  8  2 12 15
  1  7  3 14

Passo 4:
  5 11  6  9
  4  _ 13 10
  8  2 12 15
  1  7  3 14

Passo 5:
  5 11  6  9
  4  2 13 10
  8  _ 12 15
  1  7  3 14

Passo 6:
  5 11  6  9
  4  2 13 10
  8  7 12 15
  1  _  3 14

Passo 7:
  5 11  6  9
  4  2 13 10
  8  7 12 15
  1  3  _ 14

Passo 8:
  5 11  6  9
  4  2 13 10
  8  7  _ 15
  1  3 12 14

Passo 9:
  5 11  6  9
  4  2  _ 10
  8  7 13 15
  1  3 12 14

Passo 10:
  5 11  6  9
  4  2 10  _
  8  7 13 15
  1  3 12 14

Passo 11:
  5 11  6  _
  4  2 10  9
  8  7 13 15
  1  3 12 14

Passo 12:
  5 11  _  6
  4  2 10  9
  8  7 13 15
  1  3 12 14

Passo 13:
  5  _ 11  6
  4  2 10  9
  8  7 13 15
  1  3 12 14

Passo 14:
  5  2 11  6
  4  _ 10  9
  8  7 13 15
  1  3 12 14

Passo 15:
  5  2 11  6
  4  7 10  9
  8  _ 13 15
  1  3 12 14

Passo 16:
  5  2 11  6
  4  7 10  9
  8  3 13 15
  1  _ 12 14

Passo 17:
  5  2 11  6
  4  7 10  9
  8  3 13 15
  1 12  _ 14

Passo 18:
  5  2 11  6
  4  7 10  9
  8  3  _ 15
  1 12 13 14

Passo 19:
  5  2 11  6
  4  7 10  9
  8  _  3 15
  1 12 13 14

Passo 20:
  5  2 11  6
  4  7 10  9
  _  8  3 15
  1 12 13 14

Passo 21:
  5  2 11  6
  4  7 10  9
  1  8  3 15
  _ 12 13 14

Passo 22:
  5  2 11  6
  4  7 10  9
  1  8  3 15
 12  _ 13 14

Passo 23:
  5  2 11  6
  4  7 10  9
  1  8  3 15
 12 13  _ 14

Passo 24:
  5  2 11  6
  4  7 10  9
  1  8  3 15
 12 13 14  _

Passo 25:
  5  2 11  6
  4  7 10  9
  1  8  3  _
 12 13 14 15

Passo 26:
  5  2 11  6
  4  7 10  _
  1  8  3  9
 12 13 14 15

Passo 27:
  5  2 11  6
  4  7  _ 10
  1  8  3  9
 12 13 14 15

Passo 28:
  5  2 11  6
  4  7  3 10
  1  8  _  9
 12 13 14 15

Passo 29:
  5  2 11  6
  4  7  3 10
  1  8  9  _
 12 13 14 15

Passo 30:
  5  2 11  6
  4  7  3  _
  1  8  9 10
 12 13 14 15

Passo 31:
  5  2 11  6
  4  7  _  3
  1  8  9 10
 12 13 14 15

Passo 32:
  5  2  _  6
  4  7 11  3
  1  8  9 10
 12 13 14 15

Passo 33:
  5  2  6  _
  4  7 11  3
  1  8  9 10
 12 13 14 15

Passo 34:
  5  2  6  3
  4  7 11  _
  1  8  9 10
 12 13 14 15

Passo 35:
  5  2  6  3
  4  7  _ 11
  1  8  9 10
 12 13 14 15

Passo 36:
  5  2  6  3
  4  _  7 11
  1  8  9 10
 12 13 14 15

Passo 37:
  5  2  6  3
  _  4  7 11
  1  8  9 10
 12 13 14 15

Passo 38:
  5  2  6  3
  1  4  7 11
  _  8  9 10
 12 13 14 15

Passo 39:
  5  2  6  3
  1  4  7 11
  8  _  9 10
 12 13 14 15

Passo 40:
  5  2  6  3
  1  4  7 11
  8  9  _ 10
 12 13 14 15

Passo 41:
  5  2  6  3
  1  4  7 11
  8  9 10  _
 12 13 14 15

Passo 42:
  5  2  6  3
  1  4  7  _
  8  9 10 11
 12 13 14 15

Passo 43:
  5  2  6  3
  1  4  _  7
  8  9 10 11
 12 13 14 15

Passo 44:
  5  2  _  3
  1  4  6  7
  8  9 10 11
 12 13 14 15

Passo 45:
  5  _  2  3
  1  4  6  7
  8  9 10 11
 12 13 14 15

Passo 46:
  _  5  2  3
  1  4  6  7
  8  9 10 11
 12 13 14 15

Passo 47:
  1  5  2  3
  _  4  6  7
  8  9 10 11
 12 13 14 15

Passo 48:
  1  5  2  3
  4  _  6  7
  8  9 10 11
 12 13 14 15

Passo 49:
  1  _  2  3
  4  5  6  7
  8  9 10 11
 12 13 14 15

Passo 50:
  _  1  2  3
  4  5  6  7
  8  9 10 11
 12 13 14 15

