Algoritmo  : idastar_15p
Instancia  : 41
Heuristica : Manhattan + Conflito Linear
Status     : RESOLVIDO
Profundidade otima: 54 movimentos
Nos expandidos    : 15981413
Tempo             : 7971.82 ms

--- Solucao Otima Passo a Passo ---

Estado inicial:
  8 13 10  9
 11  3 15  6
  _  1  2 14
 12  5  4  7

Passo 1:
  8 13 10  9
  _  3 15  6
 11  1  2 14
 12  5  4  7

Passo 2:
  _ 13 10  9
  8  3 15  6
 11  1  2 14
 12  5  4  7

Passo 3:
 13  _ 10  9
  8  3 15  6
 11  1  2 14
 12  5  4  7

Passo 4:
 13  3 10  9
  8  _ 15  6
 11  1  2 14
 12  5  4  7

Passo 5:
 13  3 10  9
  8  1 15  6
 11  _  2 14
 12  5  4  7

Passo 6:
 13  3 10  9
  8  1 15  6
 11  2  _ 14
 12  5  4  7

Passo 7:
 13  3 10  9
  8  1  _  6
 11  2 15 14
 12  5  4  7

Passo 8:
 13  3  _  9
  8  1 10  6
 11  2 15 14
 12  5  4  7

Passo 9:
 13  _  3  9
  8  1 10  6
 11  2 15 14
 12  5  4  7

Passo 10:
 13  1  3  9
  8  _ 10  6
 11  2 15 14
 12  5  4  7

Passo 11:
 13  1  3  9
  8  2 10  6
 11  _ 15 14
 12  5  4  7

Passo 12:
 13  1  3  9
  8  2 10  6
  _ 11 15 14
 12  5  4  7

Passo 13:
 13  1  3  9
  8  2 10  6
 12 11 15 14
  _  5  4  7

Passo 14:
 13  1  3  9
  8  2 10  6
 12 11 15 14
  5  _  4  7

Passo 15:
 13  1  3  9
  8  2 10  6
 12 11 15 14
  5  4  _  7

Passo 16:
 13  1  3  9
  8  2 10  6
 12 11  _ 14
  5  4 15  7

Passo 17:
 13  1  3  9
  8  2 10  6
 12 11 14  _
  5  4 15  7

Passo 18:
 13  1  3  9
  8  2 10  6
 12 11 14  7
  5  4 15  _

Passo 19:
 13  1  3  9
  8  2 10  6
 12 11 14  7
  5  4  _ 15

Passo 20:
 13  1  3  9
  8  2 10  6
 12 11  _  7
  5  4 14 15

Passo 21:
 13  1  3  9
  8  2 10  6
 12  _ 11  7
  5  4 14 15

Passo 22:
 13  1  3  9
  8  2 10  6
 12  4 11  7
  5  _ 14 15

Passo 23:
 13  1  3  9
  8  2 10  6
 12  4 11  7
  _  5 14 15

Passo 24:
 13  1  3  9
  8  2 10  6
  _  4 11  7
 12  5 14 15

Passo 25:
 13  1  3  9
  _  2 10  6
  8  4 11  7
 12  5 14 15

Passo 26:
  _  1  3  9
 13  2 10  6
  8  4 11  7
 12  5 14 15

Passo 27:
  1  _  3  9
 13  2 10  6
  8  4 11  7
 12  5 14 15

Passo 28:
  1  2  3  9
 13  _ 10  6
  8  4 11  7
 12  5 14 15

Passo 29:
  1  2  3  9
 13  4 10  6
  8  _ 11  7
 12  5 14 15

Passo 30:
  1  2  3  9
 13  4 10  6
  8  5 11  7
 12  _ 14 15

Passo 31:
  1  2  3  9
 13  4 10  6
  8  5 11  7
  _ 12 14 15

Passo 32:
  1  2  3  9
 13  4 10  6
  _  5 11  7
  8 12 14 15

Passo 33:
  1  2  3  9
  _  4 10  6
 13  5 11  7
  8 12 14 15

Passo 34:
  1  2  3  9
  4  _ 10  6
 13  5 11  7
  8 12 14 15

Passo 35:
  1  2  3  9
  4 10  _  6
 13  5 11  7
  8 12 14 15

Passo 36:
  1  2  3  9
  4 10  6  _
 13  5 11  7
  8 12 14 15

Passo 37:
  1  2  3  _
  4 10  6  9
 13  5 11  7
  8 12 14 15

Passo 38:
  1  2  _  3
  4 10  6  9
 13  5 11  7
  8 12 14 15

Passo 39:
  1  2  6  3
  4 10  _  9
 13  5 11  7
  8 12 14 15

Passo 40:
  1  2  6  3
  4 10  9  _
 13  5 11  7
  8 12 14 15

Passo 41:
  1  2  6  3
  4 10  9  7
 13  5 11  _
  8 12 14 15

Passo 42:
  1  2  6  3
  4 10  9  7
 13  5  _ 11
  8 12 14 15

Passo 43:
  1  2  6  3
  4 10  _  7
 13  5  9 11
  8 12 14 15

Passo 44:
  1  2  6  3
  4  _ 10  7
 13  5  9 11
  8 12 14 15

Passo 45:
  1  2  6  3
  4  5 10  7
 13  _  9 11
  8 12 14 15

Passo 46:
  1  2  6  3
  4  5 10  7
  _ 13  9 11
  8 12 14 15

Passo 47:
  1  2  6  3
  4  5 10  7
  8 13  9 11
  _ 12 14 15

Passo 48:
  1  2  6  3
  4  5 10  7
  8 13  9 11
 12  _ 14 15

Passo 49:
  1  2  6  3
  4  5 10  7
  8  _  9 11
 12 13 14 15

Passo 50:
  1  2  6  3
  4  5 10  7
  8  9  _ 11
 12 13 14 15

Passo 51:
  1  2  6  3
  4  5  _  7
  8  9 10 11
 12 13 14 15

Passo 52:
  1  2  _  3
  4  5  6  7
  8  9 10 11
 12 13 14 15

Passo 53:
  1  _  2  3
  4  5  6  7
  8  9 10 11
 12 13 14 15

Passo 54:
  _  1  2  3
  4  5  6  7
  8  9 10 11
 12 13 14 15

