Algoritmo  : idastar_15p
Instancia  : 85
Heuristica : Manhattan + Conflito Linear
Status     : RESOLVIDO
Profundidade otima: 44 movimentos
Nos expandidos    : 571932
Tempo             : 332.31 ms

--- Solucao Otima Passo a Passo ---

Estado inicial:
  4  7 13 10
  1  2  9  6
 12  8 14  5
  3  _ 11 15

Passo 1:
  4  7 13 10
  1  2  9  6
 12  8 14  5
  _  3 11 15

Passo 2:
  4  7 13 10
  1  2  9  6
  _  8 14  5
 12  3 11 15

Passo 3:
  4  7 13 10
  1  2  9  6
  8  _ 14  5
 12  3 11 15

Passo 4:
  4  7 13 10
  1  2  9  6
  8  3 14  5
 12  _ 11 15

Passo 5:
  4  7 13 10
  1  2  9  6
  8  3 14  5
 12 11  _ 15

Passo 6:
  4  7 13 10
  1  2  9  6
  8  3  _  5
 12 11 14 15

Passo 7:
  4  7 13 10
  1  2  _  6
  8  3  9  5
 12 11 14 15

Passo 8:
  4  7  _ 10
  1  2 13  6
  8  3  9  5
 12 11 14 15

Passo 9:
  4  _  7 10
  1  2 13  6
  8  3  9  5
 12 11 14 15

Passo 10:
  4  2  7 10
  1  _ 13  6
  8  3  9  5
 12 11 14 15

Passo 11:
  4  2  7 10
  1  3 13  6
  8  _  9  5
 12 11 14 15

Passo 12:
  4  2  7 10
  1  3 13  6
  8  9  _  5
 12 11 14 15

Passo 13:
  4  2  7 10
  1  3  _  6
  8  9 13  5
 12 11 14 15

Passo 14:
  4  2  7 10
  1  _  3  6
  8  9 13  5
 12 11 14 15

Passo 15:
  4  2  7 10
  _  1  3  6
  8  9 13  5
 12 11 14 15

Passo 16:
  4  2  7 10
  8  1  3  6
  _  9 13  5
 12 11 14 15

Passo 17:
  4  2  7 10
  8  1  3  6
  9  _ 13  5
 12 11 14 15

Passo 18:
  4  2  7 10
  8  1  3  6
  9 13  _  5
 12 11 14 15

Passo 19:
  4  2  7 10
  8  1  3  6
  9 13  5  _
 12 11 14 15

Passo 20:
  4  2  7 10
  8  1  3  _
  9 13  5  6
 12 11 14 15

Passo 21:
  4  2  7  _
  8  1  3 10
  9 13  5  6
 12 11 14 15

Passo 22:
  4  2  _  7
  8  1  3 10
  9 13  5  6
 12 11 14 15

Passo 23:
  4  2  3  7
  8  1  _ 10
  9 13  5  6
 12 11 14 15

Passo 24:
  4  2  3  7
  8  1 10  _
  9 13  5  6
 12 11 14 15

Passo 25:
  4  2  3  7
  8  1 10  6
  9 13  5  _
 12 11 14 15

Passo 26:
  4  2  3  7
  8  1 10  6
  9 13  5 15
 12 11 14  _

Passo 27:
  4  2  3  7
  8  1 10  6
  9 13  5 15
 12 11  _ 14

Passo 28:
  4  2  3  7
  8  1 10  6
  9 13  5 15
 12  _ 11 14

Passo 29:
  4  2  3  7
  8  1 10  6
  9  _  5 15
 12 13 11 14

Passo 30:
  4  2  3  7
  8  1 10  6
  9  5  _ 15
 12 13 11 14

Passo 31:
  4  2  3  7
  8  1 10  6
  9  5 11 15
 12 13  _ 14

Passo 32:
  4  2  3  7
  8  1 10  6
  9  5 11 15
 12 13 14  _

Passo 33:
  4  2  3  7
  8  1 10  6
  9  5 11  _
 12 13 14 15

Passo 34:
  4  2  3  7
  8  1 10  6
  9  5  _ 11
 12 13 14 15

Passo 35:
  4  2  3  7
  8  1  _  6
  9  5 10 11
 12 13 14 15

Passo 36:
  4  2  3  7
  8  1  6  _
  9  5 10 11
 12 13 14 15

Passo 37:
  4  2  3  _
  8  1  6  7
  9  5 10 11
 12 13 14 15

Passo 38:
  4  2  _  3
  8  1  6  7
  9  5 10 11
 12 13 14 15

Passo 39:
  4  _  2  3
  8  1  6  7
  9  5 10 11
 12 13 14 15

Passo 40:
  4  1  2  3
  8  _  6  7
  9  5 10 11
 12 13 14 15

Passo 41:
  4  1  2  3
  8  5  6  7
  9  _ 10 11
 12 13 14 15

Passo 42:
  4  1  2  3
  8  5  6  7
  _  9 10 11
 12 13 14 15

Passo 43:
  4  1  2  3
  _  5  6  7
  8  9 10 11
 12 13 14 15

Passo 44:
  _  1  2  3
  4  5  6  7
  8  9 10 11
 12 13 14 15

