Algoritmo  : idastar_15p
Instancia  : 5
Heuristica : Manhattan + Conflito Linear
Status     : RESOLVIDO
Profundidade otima: 56 movimentos
Nos expandidos    : 2512649
Tempo             : 893.40 ms

--- Solucao Otima Passo a Passo ---

Estado inicial:
  4  7 14 13
 10  3  9 12
 11  5  6 15
  1  2  8  _

Passo 1:
  4  7 14 13
 10  3  9 12
 11  5  6  _
  1  2  8 15

Passo 2:
  4  7 14 13
 10  3  9  _
 11  5  6 12
  1  2  8 15

Passo 3:
  4  7 14  _
 10  3  9 13
 11  5  6 12
  1  2  8 15

Passo 4:
  4  7  _ 14
 10  3  9 13
 11  5  6 12
  1  2  8 15

Passo 5:
  4  7  9 14
 10  3  _ 13
 11  5  6 12
  1  2  8 15

Passo 6:
  4  7  9 14
 10  3  6 13
 11  5  _ 12
  1  2  8 15

Passo 7:
  4  7  9 14
 10  3  6 13
 11  5 12  _
  1  2  8 15

Passo 8:
  4  7  9 14
 10  3  6  _
 11  5 12 13
  1  2  8 15

Passo 9:
  4  7  9  _
 10  3  6 14
 11  5 12 13
  1  2  8 15

Passo 10:
  4  7  _  9
 10  3  6 14
 11  5 12 13
  1  2  8 15

Passo 11:
  4  _  7  9
 10  3  6 14
 11  5 12 13
  1  2  8 15

Passo 12:
  4  3  7  9
 10  _  6 14
 11  5 12 13
  1  2  8 15

Passo 13:
  4  3  7  9
  _ 10  6 14
 11  5 12 13
  1  2  8 15

Passo 14:
  4  3  7  9
 11 10  6 14
  _  5 12 13
  1  2  8 15

Passo 15:
  4  3  7  9
 11 10  6 14
  5  _ 12 13
  1  2  8 15

Passo 16:
  4  3  7  9
 11 10  6 14
  5  2 12 13
  1  _  8 15

Passo 17:
  4  3  7  9
 11 10  6 14
  5  2 12 13
  1  8  _ 15

Passo 18:
  4  3  7  9
 11 10  6 14
  5  2  _ 13
  1  8 12 15

Passo 19:
  4  3  7  9
 11 10  6 14
  5  2 13  _
  1  8 12 15

Passo 20:
  4  3  7  9
 11 10  6  _
  5  2 13 14
  1  8 12 15

Passo 21:
  4  3  7  _
 11 10  6  9
  5  2 13 14
  1  8 12 15

Passo 22:
  4  3  _  7
 11 10  6  9
  5  2 13 14
  1  8 12 15

Passo 23:
  4  3  6  7
 11 10  _  9
  5  2 13 14
  1  8 12 15

Passo 24:
  4  3  6  7
 11  _ 10  9
  5  2 13 14
  1  8 12 15

Passo 25:
  4  3  6  7
  _ 11 10  9
  5  2 13 14
  1  8 12 15

Passo 26:
  4  3  6  7
  5 11 10  9
  _  2 13 14
  1  8 12 15

Passo 27:
  4  3  6  7
  5 11 10  9
  1  2 13 14
  _  8 12 15

Passo 28:
  4  3  6  7
  5 11 10  9
  1  2 13 14
  8  _ 12 15

Passo 29:
  4  3  6  7
  5 11 10  9
  1  2 13 14
  8 12  _ 15

Passo 30:
  4  3  6  7
  5 11 10  9
  1  2  _ 14
  8 12 13 15

Passo 31:
  4  3  6  7
  5 11 10  9
  1  2 14  _
  8 12 13 15

Passo 32:
  4  3  6  7
  5 11 10  _
  1  2 14  9
  8 12 13 15

Passo 33:
  4  3  6  7
  5 11  _ 10
  1  2 14  9
  8 12 13 15

Passo 34:
  4  3  6  7
  5  _ 11 10
  1  2 14  9
  8 12 13 15

Passo 35:
  4  3  6  7
  5  2 11 10
  1  _ 14  9
  8 12 13 15

Passo 36:
  4  3  6  7
  5  2 11 10
  _  1 14  9
  8 12 13 15

Passo 37:
  4  3  6  7
  5  2 11 10
  8  1 14  9
  _ 12 13 15

Passo 38:
  4  3  6  7
  5  2 11 10
  8  1 14  9
 12  _ 13 15

Passo 39:
  4  3  6  7
  5  2 11 10
  8  1 14  9
 12 13  _ 15

Passo 40:
  4  3  6  7
  5  2 11 10
  8  1  _  9
 12 13 14 15

Passo 41:
  4  3  6  7
  5  2 11 10
  8  1  9  _
 12 13 14 15

Passo 42:
  4  3  6  7
  5  2 11  _
  8  1  9 10
 12 13 14 15

Passo 43:
  4  3  6  7
  5  2  _ 11
  8  1  9 10
 12 13 14 15

Passo 44:
  4  3  _  7
  5  2  6 11
  8  1  9 10
 12 13 14 15

Passo 45:
  4  _  3  7
  5  2  6 11
  8  1  9 10
 12 13 14 15

Passo 46:
  4  2  3  7
  5  _  6 11
  8  1  9 10
 12 13 14 15

Passo 47:
  4  2  3  7
  5  1  6 11
  8  _  9 10
 12 13 14 15

Passo 48:
  4  2  3  7
  5  1  6 11
  8  9  _ 10
 12 13 14 15

Passo 49:
  4  2  3  7
  5  1  6 11
  8  9 10  _
 12 13 14 15

Passo 50:
  4  2  3  7
  5  1  6  _
  8  9 10 11
 12 13 14 15

Passo 51:
  4  2  3  _
  5  1  6  7
  8  9 10 11
 12 13 14 15

Passo 52:
  4  2  _  3
  5  1  6  7
  8  9 10 11
 12 13 14 15

Passo 53:
  4  _  2  3
  5  1  6  7
  8  9 10 11
 12 13 14 15

Passo 54:
  4  1  2  3
  5  _  6  7
  8  9 10 11
 12 13 14 15

Passo 55:
  4  1  2  3
  _  5  6  7
  8  9 10 11
 12 13 14 15

Passo 56:
  _  1  2  3
  4  5  6  7
  8  9 10 11
 12 13 14 15

