Algoritmo  : idastar_15p
Instancia  : 96
Heuristica : Manhattan + Conflito Linear
Status     : RESOLVIDO
Profundidade otima: 49 movimentos
Nos expandidos    : 1106346
Tempo             : 860.39 ms

--- Solucao Otima Passo a Passo ---

Estado inicial:
  1  7 15 14
  2  6  4  9
 12 11 13  3
  _  8  5 10

Passo 1:
  1  7 15 14
  2  6  4  9
  _ 11 13  3
 12  8  5 10

Passo 2:
  1  7 15 14
  2  6  4  9
 11  _ 13  3
 12  8  5 10

Passo 3:
  1  7 15 14
  2  _  4  9
 11  6 13  3
 12  8  5 10

Passo 4:
  1  7 15 14
  _  2  4  9
 11  6 13  3
 12  8  5 10

Passo 5:
  1  7 15 14
 11  2  4  9
  _  6 13  3
 12  8  5 10

Passo 6:
  1  7 15 14
 11  2  4  9
  6  _ 13  3
 12  8  5 10

Passo 7:
  1  7 15 14
 11  2  4  9
  6  8 13  3
 12  _  5 10

Passo 8:
  1  7 15 14
 11  2  4  9
  6  8 13  3
 12  5  _ 10

Passo 9:
  1  7 15 14
 11  2  4  9
  6  8  _  3
 12  5 13 10

Passo 10:
  1  7 15 14
 11  2  4  9
  6  8  3  _
 12  5 13 10

Passo 11:
  1  7 15 14
 11  2  4  _
  6  8  3  9
 12  5 13 10

Passo 12:
  1  7 15  _
 11  2  4 14
  6  8  3  9
 12  5 13 10

Passo 13:
  1  7  _ 15
 11  2  4 14
  6  8  3  9
 12  5 13 10

Passo 14:
  1  _  7 15
 11  2  4 14
  6  8  3  9
 12  5 13 10

Passo 15:
  1  2  7 15
 11  _  4 14
  6  8  3  9
 12  5 13 10

Passo 16:
  1  2  7 15
 11  4  _ 14
  6  8  3  9
 12  5 13 10

Passo 17:
  1  2  7 15
 11  4  3 14
  6  8  _  9
 12  5 13 10

Passo 18:
  1  2  7 15
 11  4  3 14
  6  _  8  9
 12  5 13 10

Passo 19:
  1  2  7 15
 11  _  3 14
  6  4  8  9
 12  5 13 10

Passo 20:
  1  2  7 15
  _ 11  3 14
  6  4  8  9
 12  5 13 10

Passo 21:
  1  2  7 15
  6 11  3 14
  _  4  8  9
 12  5 13 10

Passo 22:
  1  2  7 15
  6 11  3 14
  4  _  8  9
 12  5 13 10

Passo 23:
  1  2  7 15
  6 11  3 14
  4  8  _  9
 12  5 13 10

Passo 24:
  1  2  7 15
  6 11  3 14
  4  8  9  _
 12  5 13 10

Passo 25:
  1  2  7 15
  6 11  3  _
  4  8  9 14
 12  5 13 10

Passo 26:
  1  2  7  _
  6 11  3 15
  4  8  9 14
 12  5 13 10

Passo 27:
  1  2  _  7
  6 11  3 15
  4  8  9 14
 12  5 13 10

Passo 28:
  1  2  3  7
  6 11  _ 15
  4  8  9 14
 12  5 13 10

Passo 29:
  1  2  3  7
  6  _ 11 15
  4  8  9 14
 12  5 13 10

Passo 30:
  1  2  3  7
  _  6 11 15
  4  8  9 14
 12  5 13 10

Passo 31:
  1  2  3  7
  4  6 11 15
  _  8  9 14
 12  5 13 10

Passo 32:
  1  2  3  7
  4  6 11 15
  8  _  9 14
 12  5 13 10

Passo 33:
  1  2  3  7
  4  6 11 15
  8  5  9 14
 12  _ 13 10

Passo 34:
  1  2  3  7
  4  6 11 15
  8  5  9 14
 12 13  _ 10

Passo 35:
  1  2  3  7
  4  6 11 15
  8  5  9 14
 12 13 10  _

Passo 36:
  1  2  3  7
  4  6 11 15
  8  5  9  _
 12 13 10 14

Passo 37:
  1  2  3  7
  4  6 11  _
  8  5  9 15
 12 13 10 14

Passo 38:
  1  2  3  7
  4  6  _ 11
  8  5  9 15
 12 13 10 14

Passo 39:
  1  2  3  7
  4  _  6 11
  8  5  9 15
 12 13 10 14

Passo 40:
  1  2  3  7
  4  5  6 11
  8  _  9 15
 12 13 10 14

Passo 41:
  1  2  3  7
  4  5  6 11
  8  9  _ 15
 12 13 10 14

Passo 42:
  1  2  3  7
  4  5  6 11
  8  9 10 15
 12 13  _ 14

Passo 43:
  1  2  3  7
  4  5  6 11
  8  9 10 15
 12 13 14  _

Passo 44:
  1  2  3  7
  4  5  6 11
  8  9 10  _
 12 13 14 15

Passo 45:
  1  2  3  7
  4  5  6  _
  8  9 10 11
 12 13 14 15

Passo 46:
  1  2  3  _
  4  5  6  7
  8  9 10 11
 12 13 14 15

Passo 47:
  1  2  _  3
  4  5  6  7
  8  9 10 11
 12 13 14 15

Passo 48:
  1  _  2  3
  4  5  6  7
  8  9 10 11
 12 13 14 15

Passo 49:
  _  1  2  3
  4  5  6  7
  8  9 10 11
 12 13 14 15

