Algoritmo  : idastar_15p
Instancia  : 77
Heuristica : Manhattan + Conflito Linear
Status     : RESOLVIDO
Profundidade otima: 54 movimentos
Nos expandidos    : 5809263
Tempo             : 3536.54 ms

--- Solucao Otima Passo a Passo ---

Estado inicial:
  _ 13  2  4
 12 14  6  9
 15  1 10  3
 11  5  8  7

Passo 1:
 12 13  2  4
  _ 14  6  9
 15  1 10  3
 11  5  8  7

Passo 2:
 12 13  2  4
 14  _  6  9
 15  1 10  3
 11  5  8  7

Passo 3:
 12  _  2  4
 14 13  6  9
 15  1 10  3
 11  5  8  7

Passo 4:
 12  2  _  4
 14 13  6  9
 15  1 10  3
 11  5  8  7

Passo 5:
 12  2  4  _
 14 13  6  9
 15  1 10  3
 11  5  8  7

Passo 6:
 12  2  4  9
 14 13  6  _
 15  1 10  3
 11  5  8  7

Passo 7:
 12  2  4  9
 14 13  6  3
 15  1 10  _
 11  5  8  7

Passo 8:
 12  2  4  9
 14 13  6  3
 15  1  _ 10
 11  5  8  7

Passo 9:
 12  2  4  9
 14 13  6  3
 15  _  1 10
 11  5  8  7

Passo 10:
 12  2  4  9
 14 13  6  3
 15  5  1 10
 11  _  8  7

Passo 11:
 12  2  4  9
 14 13  6  3
 15  5  1 10
  _ 11  8  7

Passo 12:
 12  2  4  9
 14 13  6  3
  _  5  1 10
 15 11  8  7

Passo 13:
 12  2  4  9
  _ 13  6  3
 14  5  1 10
 15 11  8  7

Passo 14:
 12  2  4  9
 13  _  6  3
 14  5  1 10
 15 11  8  7

Passo 15:
 12  _  4  9
 13  2  6  3
 14  5  1 10
 15 11  8  7

Passo 16:
 12  4  _  9
 13  2  6  3
 14  5  1 10
 15 11  8  7

Passo 17:
 12  4  9  _
 13  2  6  3
 14  5  1 10
 15 11  8  7

Passo 18:
 12  4  9  3
 13  2  6  _
 14  5  1 10
 15 11  8  7

Passo 19:
 12  4  9  3
 13  2  _  6
 14  5  1 10
 15 11  8  7

Passo 20:
 12  4  9  3
 13  2  1  6
 14  5  _ 10
 15 11  8  7

Passo 21:
 12  4  9  3
 13  2  1  6
 14  5  8 10
 15 11  _  7

Passo 22:
 12  4  9  3
 13  2  1  6
 14  5  8 10
 15  _ 11  7

Passo 23:
 12  4  9  3
 13  2  1  6
 14  5  8 10
  _ 15 11  7

Passo 24:
 12  4  9  3
 13  2  1  6
  _  5  8 10
 14 15 11  7

Passo 25:
 12  4  9  3
  _  2  1  6
 13  5  8 10
 14 15 11  7

Passo 26:
  _  4  9  3
 12  2  1  6
 13  5  8 10
 14 15 11  7

Passo 27:
  4  _  9  3
 12  2  1  6
 13  5  8 10
 14 15 11  7

Passo 28:
  4  2  9  3
 12  _  1  6
 13  5  8 10
 14 15 11  7

Passo 29:
  4  2  9  3
 12  5  1  6
 13  _  8 10
 14 15 11  7

Passo 30:
  4  2  9  3
 12  5  1  6
 13  8  _ 10
 14 15 11  7

Passo 31:
  4  2  9  3
 12  5  1  6
 13  8 10  _
 14 15 11  7

Passo 32:
  4  2  9  3
 12  5  1  6
 13  8 10  7
 14 15 11  _

Passo 33:
  4  2  9  3
 12  5  1  6
 13  8 10  7
 14 15  _ 11

Passo 34:
  4  2  9  3
 12  5  1  6
 13  8 10  7
 14  _ 15 11

Passo 35:
  4  2  9  3
 12  5  1  6
 13  8 10  7
  _ 14 15 11

Passo 36:
  4  2  9  3
 12  5  1  6
  _  8 10  7
 13 14 15 11

Passo 37:
  4  2  9  3
  _  5  1  6
 12  8 10  7
 13 14 15 11

Passo 38:
  4  2  9  3
  5  _  1  6
 12  8 10  7
 13 14 15 11

Passo 39:
  4  2  9  3
  5  1  _  6
 12  8 10  7
 13 14 15 11

Passo 40:
  4  2  _  3
  5  1  9  6
 12  8 10  7
 13 14 15 11

Passo 41:
  4  _  2  3
  5  1  9  6
 12  8 10  7
 13 14 15 11

Passo 42:
  4  1  2  3
  5  _  9  6
 12  8 10  7
 13 14 15 11

Passo 43:
  4  1  2  3
  5  9  _  6
 12  8 10  7
 13 14 15 11

Passo 44:
  4  1  2  3
  5  9  6  _
 12  8 10  7
 13 14 15 11

Passo 45:
  4  1  2  3
  5  9  6  7
 12  8 10  _
 13 14 15 11

Passo 46:
  4  1  2  3
  5  9  6  7
 12  8 10 11
 13 14 15  _

Passo 47:
  4  1  2  3
  5  9  6  7
 12  8 10 11
 13 14  _ 15

Passo 48:
  4  1  2  3
  5  9  6  7
 12  8 10 11
 13  _ 14 15

Passo 49:
  4  1  2  3
  5  9  6  7
 12  8 10 11
  _ 13 14 15

Passo 50:
  4  1  2  3
  5  9  6  7
  _  8 10 11
 12 13 14 15

Passo 51:
  4  1  2  3
  5  9  6  7
  8  _ 10 11
 12 13 14 15

Passo 52:
  4  1  2  3
  5  _  6  7
  8  9 10 11
 12 13 14 15

Passo 53:
  4  1  2  3
  _  5  6  7
  8  9 10 11
 12 13 14 15

Passo 54:
  _  1  2  3
  4  5  6  7
  8  9 10 11
 12 13 14 15

