Algoritmo  : idastar_15p
Instancia  : 42
Heuristica : Manhattan + Conflito Linear
Status     : RESOLVIDO
Profundidade otima: 42 movimentos
Nos expandidos    : 249535
Tempo             : 176.63 ms

--- Solucao Otima Passo a Passo ---

Estado inicial:
  4  5  7  2
  9 14 12 13
  _  3  6 11
  8  1 15 10

Passo 1:
  4  5  7  2
  9 14 12 13
  3  _  6 11
  8  1 15 10

Passo 2:
  4  5  7  2
  9 14 12 13
  3  6  _ 11
  8  1 15 10

Passo 3:
  4  5  7  2
  9 14  _ 13
  3  6 12 11
  8  1 15 10

Passo 4:
  4  5  7  2
  9 14 13  _
  3  6 12 11
  8  1 15 10

Passo 5:
  4  5  7  2
  9 14 13 11
  3  6 12  _
  8  1 15 10

Passo 6:
  4  5  7  2
  9 14 13 11
  3  6 12 10
  8  1 15  _

Passo 7:
  4  5  7  2
  9 14 13 11
  3  6 12 10
  8  1  _ 15

Passo 8:
  4  5  7  2
  9 14 13 11
  3  6  _ 10
  8  1 12 15

Passo 9:
  4  5  7  2
  9 14  _ 11
  3  6 13 10
  8  1 12 15

Passo 10:
  4  5  7  2
  9  _ 14 11
  3  6 13 10
  8  1 12 15

Passo 11:
  4  5  7  2
  9  6 14 11
  3  _ 13 10
  8  1 12 15

Passo 12:
  4  5  7  2
  9  6 14 11
  _  3 13 10
  8  1 12 15

Passo 13:
  4  5  7  2
  _  6 14 11
  9  3 13 10
  8  1 12 15

Passo 14:
  4  5  7  2
  6  _ 14 11
  9  3 13 10
  8  1 12 15

Passo 15:
  4  5  7  2
  6  3 14 11
  9  _ 13 10
  8  1 12 15

Passo 16:
  4  5  7  2
  6  3 14 11
  9  1 13 10
  8  _ 12 15

Passo 17:
  4  5  7  2
  6  3 14 11
  9  1 13 10
  8 12  _ 15

Passo 18:
  4  5  7  2
  6  3 14 11
  9  1  _ 10
  8 12 13 15

Passo 19:
  4  5  7  2
  6  3  _ 11
  9  1 14 10
  8 12 13 15

Passo 20:
  4  5  7  2
  6  _  3 11
  9  1 14 10
  8 12 13 15

Passo 21:
  4  5  7  2
  6  1  3 11
  9  _ 14 10
  8 12 13 15

Passo 22:
  4  5  7  2
  6  1  3 11
  _  9 14 10
  8 12 13 15

Passo 23:
  4  5  7  2
  6  1  3 11
  8  9 14 10
  _ 12 13 15

Passo 24:
  4  5  7  2
  6  1  3 11
  8  9 14 10
 12  _ 13 15

Passo 25:
  4  5  7  2
  6  1  3 11
  8  9 14 10
 12 13  _ 15

Passo 26:
  4  5  7  2
  6  1  3 11
  8  9  _ 10
 12 13 14 15

Passo 27:
  4  5  7  2
  6  1  3 11
  8  9 10  _
 12 13 14 15

Passo 28:
  4  5  7  2
  6  1  3  _
  8  9 10 11
 12 13 14 15

Passo 29:
  4  5  7  2
  6  1  _  3
  8  9 10 11
 12 13 14 15

Passo 30:
  4  5  _  2
  6  1  7  3
  8  9 10 11
 12 13 14 15

Passo 31:
  4  _  5  2
  6  1  7  3
  8  9 10 11
 12 13 14 15

Passo 32:
  4  1  5  2
  6  _  7  3
  8  9 10 11
 12 13 14 15

Passo 33:
  4  1  5  2
  _  6  7  3
  8  9 10 11
 12 13 14 15

Passo 34:
  _  1  5  2
  4  6  7  3
  8  9 10 11
 12 13 14 15

Passo 35:
  1  _  5  2
  4  6  7  3
  8  9 10 11
 12 13 14 15

Passo 36:
  1  5  _  2
  4  6  7  3
  8  9 10 11
 12 13 14 15

Passo 37:
  1  5  2  _
  4  6  7  3
  8  9 10 11
 12 13 14 15

Passo 38:
  1  5  2  3
  4  6  7  _
  8  9 10 11
 12 13 14 15

Passo 39:
  1  5  2  3
  4  6  _  7
  8  9 10 11
 12 13 14 15

Passo 40:
  1  5  2  3
  4  _  6  7
  8  9 10 11
 12 13 14 15

Passo 41:
  1  _  2  3
  4  5  6  7
  8  9 10 11
 12 13 14 15

Passo 42:
  _  1  2  3
  4  5  6  7
  8  9 10 11
 12 13 14 15

