Algoritmo  : idastar_15p
Instancia  : 51
Heuristica : Manhattan + Conflito Linear
Status     : RESOLVIDO
Profundidade otima: 56 movimentos
Nos expandidos    : 6335733
Tempo             : 3474.83 ms

--- Solucao Otima Passo a Passo ---

Estado inicial:
 10  2  8  4
 15  _  1 14
 11 13  3  6
  9  7  5 12

Passo 1:
 10  _  8  4
 15  2  1 14
 11 13  3  6
  9  7  5 12

Passo 2:
 10  8  _  4
 15  2  1 14
 11 13  3  6
  9  7  5 12

Passo 3:
 10  8  1  4
 15  2  _ 14
 11 13  3  6
  9  7  5 12

Passo 4:
 10  8  1  4
 15  2  3 14
 11 13  _  6
  9  7  5 12

Passo 5:
 10  8  1  4
 15  2  3 14
 11 13  6  _
  9  7  5 12

Passo 6:
 10  8  1  4
 15  2  3  _
 11 13  6 14
  9  7  5 12

Passo 7:
 10  8  1  4
 15  2  _  3
 11 13  6 14
  9  7  5 12

Passo 8:
 10  8  1  4
 15  2  6  3
 11 13  _ 14
  9  7  5 12

Passo 9:
 10  8  1  4
 15  2  6  3
 11 13  5 14
  9  7  _ 12

Passo 10:
 10  8  1  4
 15  2  6  3
 11 13  5 14
  9  _  7 12

Passo 11:
 10  8  1  4
 15  2  6  3
 11 13  5 14
  _  9  7 12

Passo 12:
 10  8  1  4
 15  2  6  3
  _ 13  5 14
 11  9  7 12

Passo 13:
 10  8  1  4
  _  2  6  3
 15 13  5 14
 11  9  7 12

Passo 14:
  _  8  1  4
 10  2  6  3
 15 13  5 14
 11  9  7 12

Passo 15:
  8  _  1  4
 10  2  6  3
 15 13  5 14
 11  9  7 12

Passo 16:
  8  1  _  4
 10  2  6  3
 15 13  5 14
 11  9  7 12

Passo 17:
  8  1  4  _
 10  2  6  3
 15 13  5 14
 11  9  7 12

Passo 18:
  8  1  4  3
 10  2  6  _
 15 13  5 14
 11  9  7 12

Passo 19:
  8  1  4  3
 10  2  _  6
 15 13  5 14
 11  9  7 12

Passo 20:
  8  1  4  3
 10  _  2  6
 15 13  5 14
 11  9  7 12

Passo 21:
  8  _  4  3
 10  1  2  6
 15 13  5 14
 11  9  7 12

Passo 22:
  8  4  _  3
 10  1  2  6
 15 13  5 14
 11  9  7 12

Passo 23:
  8  4  2  3
 10  1  _  6
 15 13  5 14
 11  9  7 12

Passo 24:
  8  4  2  3
 10  1  5  6
 15 13  _ 14
 11  9  7 12

Passo 25:
  8  4  2  3
 10  1  5  6
 15 13  7 14
 11  9  _ 12

Passo 26:
  8  4  2  3
 10  1  5  6
 15 13  7 14
 11  9 12  _

Passo 27:
  8  4  2  3
 10  1  5  6
 15 13  7  _
 11  9 12 14

Passo 28:
  8  4  2  3
 10  1  5  6
 15 13  _  7
 11  9 12 14

Passo 29:
  8  4  2  3
 10  1  5  6
 15  _ 13  7
 11  9 12 14

Passo 30:
  8  4  2  3
 10  1  5  6
  _ 15 13  7
 11  9 12 14

Passo 31:
  8  4  2  3
 10  1  5  6
 11 15 13  7
  _  9 12 14

Passo 32:
  8  4  2  3
 10  1  5  6
 11 15 13  7
  9  _ 12 14

Passo 33:
  8  4  2  3
 10  1  5  6
 11 15 13  7
  9 12  _ 14

Passo 34:
  8  4  2  3
 10  1  5  6
 11 15  _  7
  9 12 13 14

Passo 35:
  8  4  2  3
 10  1  5  6
 11  _ 15  7
  9 12 13 14

Passo 36:
  8  4  2  3
 10  1  5  6
  _ 11 15  7
  9 12 13 14

Passo 37:
  8  4  2  3
  _  1  5  6
 10 11 15  7
  9 12 13 14

Passo 38:
  _  4  2  3
  8  1  5  6
 10 11 15  7
  9 12 13 14

Passo 39:
  4  _  2  3
  8  1  5  6
 10 11 15  7
  9 12 13 14

Passo 40:
  4  1  2  3
  8  _  5  6
 10 11 15  7
  9 12 13 14

Passo 41:
  4  1  2  3
  8  5  _  6
 10 11 15  7
  9 12 13 14

Passo 42:
  4  1  2  3
  8  5  6  _
 10 11 15  7
  9 12 13 14

Passo 43:
  4  1  2  3
  8  5  6  7
 10 11 15  _
  9 12 13 14

Passo 44:
  4  1  2  3
  8  5  6  7
 10 11  _ 15
  9 12 13 14

Passo 45:
  4  1  2  3
  8  5  6  7
 10  _ 11 15
  9 12 13 14

Passo 46:
  4  1  2  3
  8  5  6  7
  _ 10 11 15
  9 12 13 14

Passo 47:
  4  1  2  3
  8  5  6  7
  9 10 11 15
  _ 12 13 14

Passo 48:
  4  1  2  3
  8  5  6  7
  9 10 11 15
 12  _ 13 14

Passo 49:
  4  1  2  3
  8  5  6  7
  9 10 11 15
 12 13  _ 14

Passo 50:
  4  1  2  3
  8  5  6  7
  9 10 11 15
 12 13 14  _

Passo 51:
  4  1  2  3
  8  5  6  7
  9 10 11  _
 12 13 14 15

Passo 52:
  4  1  2  3
  8  5  6  7
  9 10  _ 11
 12 13 14 15

Passo 53:
  4  1  2  3
  8  5  6  7
  9  _ 10 11
 12 13 14 15

Passo 54:
  4  1  2  3
  8  5  6  7
  _  9 10 11
 12 13 14 15

Passo 55:
  4  1  2  3
  _  5  6  7
  8  9 10 11
 12 13 14 15

Passo 56:
  _  1  2  3
  4  5  6  7
  8  9 10 11
 12 13 14 15

