Algoritmo  : idastar_15p
Instancia  : 54
Heuristica : Manhattan + Conflito Linear
Status     : RESOLVIDO
Profundidade otima: 56 movimentos
Nos expandidos    : 14856299
Tempo             : 7235.50 ms

--- Solucao Otima Passo a Passo ---

Estado inicial:
 12 11  _  8
 10  2 13 15
  5  4  7  3
  6  9 14  1

Passo 1:
 12 11 13  8
 10  2  _ 15
  5  4  7  3
  6  9 14  1

Passo 2:
 12 11 13  8
 10  2 15  _
  5  4  7  3
  6  9 14  1

Passo 3:
 12 11 13  8
 10  2 15  3
  5  4  7  _
  6  9 14  1

Passo 4:
 12 11 13  8
 10  2 15  3
  5  4  7  1
  6  9 14  _

Passo 5:
 12 11 13  8
 10  2 15  3
  5  4  7  1
  6  9  _ 14

Passo 6:
 12 11 13  8
 10  2 15  3
  5  4  _  1
  6  9  7 14

Passo 7:
 12 11 13  8
 10  2  _  3
  5  4 15  1
  6  9  7 14

Passo 8:
 12 11  _  8
 10  2 13  3
  5  4 15  1
  6  9  7 14

Passo 9:
 12 11  8  _
 10  2 13  3
  5  4 15  1
  6  9  7 14

Passo 10:
 12 11  8  3
 10  2 13  _
  5  4 15  1
  6  9  7 14

Passo 11:
 12 11  8  3
 10  2 13  1
  5  4 15  _
  6  9  7 14

Passo 12:
 12 11  8  3
 10  2 13  1
  5  4  _ 15
  6  9  7 14

Passo 13:
 12 11  8  3
 10  2  _  1
  5  4 13 15
  6  9  7 14

Passo 14:
 12 11  8  3
 10  _  2  1
  5  4 13 15
  6  9  7 14

Passo 15:
 12  _  8  3
 10 11  2  1
  5  4 13 15
  6  9  7 14

Passo 16:
 12  8  _  3
 10 11  2  1
  5  4 13 15
  6  9  7 14

Passo 17:
 12  8  2  3
 10 11  _  1
  5  4 13 15
  6  9  7 14

Passo 18:
 12  8  2  3
 10  _ 11  1
  5  4 13 15
  6  9  7 14

Passo 19:
 12  8  2  3
 10  4 11  1
  5  _ 13 15
  6  9  7 14

Passo 20:
 12  8  2  3
 10  4 11  1
  5 13  _ 15
  6  9  7 14

Passo 21:
 12  8  2  3
 10  4 11  1
  5 13  7 15
  6  9  _ 14

Passo 22:
 12  8  2  3
 10  4 11  1
  5 13  7 15
  6  _  9 14

Passo 23:
 12  8  2  3
 10  4 11  1
  5  _  7 15
  6 13  9 14

Passo 24:
 12  8  2  3
 10  4 11  1
  _  5  7 15
  6 13  9 14

Passo 25:
 12  8  2  3
 10  4 11  1
  6  5  7 15
  _ 13  9 14

Passo 26:
 12  8  2  3
 10  4 11  1
  6  5  7 15
 13  _  9 14

Passo 27:
 12  8  2  3
 10  4 11  1
  6  5  7 15
 13  9  _ 14

Passo 28:
 12  8  2  3
 10  4 11  1
  6  5  7 15
 13  9 14  _

Passo 29:
 12  8  2  3
 10  4 11  1
  6  5  7  _
 13  9 14 15

Passo 30:
 12  8  2  3
 10  4 11  1
  6  5  _  7
 13  9 14 15

Passo 31:
 12  8  2  3
 10  4  _  1
  6  5 11  7
 13  9 14 15

Passo 32:
 12  8  2  3
 10  4  1  _
  6  5 11  7
 13  9 14 15

Passo 33:
 12  8  2  3
 10  4  1  7
  6  5 11  _
 13  9 14 15

Passo 34:
 12  8  2  3
 10  4  1  7
  6  5  _ 11
 13  9 14 15

Passo 35:
 12  8  2  3
 10  4  1  7
  6  _  5 11
 13  9 14 15

Passo 36:
 12  8  2  3
 10  4  1  7
  _  6  5 11
 13  9 14 15

Passo 37:
 12  8  2  3
  _  4  1  7
 10  6  5 11
 13  9 14 15

Passo 38:
  _  8  2  3
 12  4  1  7
 10  6  5 11
 13  9 14 15

Passo 39:
  8  _  2  3
 12  4  1  7
 10  6  5 11
 13  9 14 15

Passo 40:
  8  4  2  3
 12  _  1  7
 10  6  5 11
 13  9 14 15

Passo 41:
  8  4  2  3
 12  1  _  7
 10  6  5 11
 13  9 14 15

Passo 42:
  8  4  2  3
 12  1  5  7
 10  6  _ 11
 13  9 14 15

Passo 43:
  8  4  2  3
 12  1  5  7
 10  _  6 11
 13  9 14 15

Passo 44:
  8  4  2  3
 12  1  5  7
  _ 10  6 11
 13  9 14 15

Passo 45:
  8  4  2  3
  _  1  5  7
 12 10  6 11
 13  9 14 15

Passo 46:
  _  4  2  3
  8  1  5  7
 12 10  6 11
 13  9 14 15

Passo 47:
  4  _  2  3
  8  1  5  7
 12 10  6 11
 13  9 14 15

Passo 48:
  4  1  2  3
  8  _  5  7
 12 10  6 11
 13  9 14 15

Passo 49:
  4  1  2  3
  8  5  _  7
 12 10  6 11
 13  9 14 15

Passo 50:
  4  1  2  3
  8  5  6  7
 12 10  _ 11
 13  9 14 15

Passo 51:
  4  1  2  3
  8  5  6  7
 12  _ 10 11
 13  9 14 15

Passo 52:
  4  1  2  3
  8  5  6  7
 12  9 10 11
 13  _ 14 15

Passo 53:
  4  1  2  3
  8  5  6  7
 12  9 10 11
  _ 13 14 15

Passo 54:
  4  1  2  3
  8  5  6  7
  _  9 10 11
 12 13 14 15

Passo 55:
  4  1  2  3
  _  5  6  7
  8  9 10 11
 12 13 14 15

Passo 56:
  _  1  2  3
  4  5  6  7
  8  9 10 11
 12 13 14 15

