Algoritmo  : idastar_15p
Instancia  : 40
Heuristica : Manhattan + Conflito Linear
Status     : RESOLVIDO
Profundidade otima: 54 movimentos
Nos expandidos    : 12974587
Tempo             : 6961.03 ms

--- Solucao Otima Passo a Passo ---

Estado inicial:
 11  5  1 14
  4 12 10  _
  2  7 13  3
  9 15  6  8

Passo 1:
 11  5  1  _
  4 12 10 14
  2  7 13  3
  9 15  6  8

Passo 2:
 11  5  _  1
  4 12 10 14
  2  7 13  3
  9 15  6  8

Passo 3:
 11  5 10  1
  4 12  _ 14
  2  7 13  3
  9 15  6  8

Passo 4:
 11  5 10  1
  4 12 13 14
  2  7  _  3
  9 15  6  8

Passo 5:
 11  5 10  1
  4 12 13 14
  2  _  7  3
  9 15  6  8

Passo 6:
 11  5 10  1
  4  _ 13 14
  2 12  7  3
  9 15  6  8

Passo 7:
 11  5 10  1
  4 13  _ 14
  2 12  7  3
  9 15  6  8

Passo 8:
 11  5 10  1
  4 13 14  _
  2 12  7  3
  9 15  6  8

Passo 9:
 11  5 10  1
  4 13 14  3
  2 12  7  _
  9 15  6  8

Passo 10:
 11  5 10  1
  4 13 14  3
  2 12  7  8
  9 15  6  _

Passo 11:
 11  5 10  1
  4 13 14  3
  2 12  7  8
  9 15  _  6

Passo 12:
 11  5 10  1
  4 13 14  3
  2 12  _  8
  9 15  7  6

Passo 13:
 11  5 10  1
  4 13 14  3
  2 12  8  _
  9 15  7  6

Passo 14:
 11  5 10  1
  4 13 14  3
  2 12  8  6
  9 15  7  _

Passo 15:
 11  5 10  1
  4 13 14  3
  2 12  8  6
  9 15  _  7

Passo 16:
 11  5 10  1
  4 13 14  3
  2 12  8  6
  9  _ 15  7

Passo 17:
 11  5 10  1
  4 13 14  3
  2  _  8  6
  9 12 15  7

Passo 18:
 11  5 10  1
  4 13 14  3
  2  8  _  6
  9 12 15  7

Passo 19:
 11  5 10  1
  4 13  _  3
  2  8 14  6
  9 12 15  7

Passo 20:
 11  5  _  1
  4 13 10  3
  2  8 14  6
  9 12 15  7

Passo 21:
 11  _  5  1
  4 13 10  3
  2  8 14  6
  9 12 15  7

Passo 22:
  _ 11  5  1
  4 13 10  3
  2  8 14  6
  9 12 15  7

Passo 23:
  4 11  5  1
  _ 13 10  3
  2  8 14  6
  9 12 15  7

Passo 24:
  4 11  5  1
  2 13 10  3
  _  8 14  6
  9 12 15  7

Passo 25:
  4 11  5  1
  2 13 10  3
  8  _ 14  6
  9 12 15  7

Passo 26:
  4 11  5  1
  2  _ 10  3
  8 13 14  6
  9 12 15  7

Passo 27:
  4  _  5  1
  2 11 10  3
  8 13 14  6
  9 12 15  7

Passo 28:
  4  5  _  1
  2 11 10  3
  8 13 14  6
  9 12 15  7

Passo 29:
  4  5  1  _
  2 11 10  3
  8 13 14  6
  9 12 15  7

Passo 30:
  4  5  1  3
  2 11 10  _
  8 13 14  6
  9 12 15  7

Passo 31:
  4  5  1  3
  2 11 10  6
  8 13 14  _
  9 12 15  7

Passo 32:
  4  5  1  3
  2 11 10  6
  8 13 14  7
  9 12 15  _

Passo 33:
  4  5  1  3
  2 11 10  6
  8 13 14  7
  9 12  _ 15

Passo 34:
  4  5  1  3
  2 11 10  6
  8 13  _  7
  9 12 14 15

Passo 35:
  4  5  1  3
  2 11  _  6
  8 13 10  7
  9 12 14 15

Passo 36:
  4  5  1  3
  2  _ 11  6
  8 13 10  7
  9 12 14 15

Passo 37:
  4  5  1  3
  _  2 11  6
  8 13 10  7
  9 12 14 15

Passo 38:
  4  5  1  3
  8  2 11  6
  _ 13 10  7
  9 12 14 15

Passo 39:
  4  5  1  3
  8  2 11  6
  9 13 10  7
  _ 12 14 15

Passo 40:
  4  5  1  3
  8  2 11  6
  9 13 10  7
 12  _ 14 15

Passo 41:
  4  5  1  3
  8  2 11  6
  9  _ 10  7
 12 13 14 15

Passo 42:
  4  5  1  3
  8  2 11  6
  9 10  _  7
 12 13 14 15

Passo 43:
  4  5  1  3
  8  2  _  6
  9 10 11  7
 12 13 14 15

Passo 44:
  4  5  1  3
  8  _  2  6
  9 10 11  7
 12 13 14 15

Passo 45:
  4  _  1  3
  8  5  2  6
  9 10 11  7
 12 13 14 15

Passo 46:
  4  1  _  3
  8  5  2  6
  9 10 11  7
 12 13 14 15

Passo 47:
  4  1  2  3
  8  5  _  6
  9 10 11  7
 12 13 14 15

Passo 48:
  4  1  2  3
  8  5  6  _
  9 10 11  7
 12 13 14 15

Passo 49:
  4  1  2  3
  8  5  6  7
  9 10 11  _
 12 13 14 15

Passo 50:
  4  1  2  3
  8  5  6  7
  9 10  _ 11
 12 13 14 15

Passo 51:
  4  1  2  3
  8  5  6  7
  9  _ 10 11
 12 13 14 15

Passo 52:
  4  1  2  3
  8  5  6  7
  _  9 10 11
 12 13 14 15

Passo 53:
  4  1  2  3
  _  5  6  7
  8  9 10 11
 12 13 14 15

Passo 54:
  _  1  2  3
  4  5  6  7
  8  9 10 11
 12 13 14 15

