Algoritmo  : idastar_15p
Instancia  : 78
Heuristica : Manhattan + Conflito Linear
Status     : RESOLVIDO
Profundidade otima: 53 movimentos
Nos expandidos    : 2438202
Tempo             : 1223.80 ms

--- Solucao Otima Passo a Passo ---

Estado inicial:
  3 14 13  6
  4 15  8  9
  5 12 10  _
  2  7  1 11

Passo 1:
  3 14 13  6
  4 15  8  9
  5 12  _ 10
  2  7  1 11

Passo 2:
  3 14 13  6
  4 15  8  9
  5 12  1 10
  2  7  _ 11

Passo 3:
  3 14 13  6
  4 15  8  9
  5 12  1 10
  2  _  7 11

Passo 4:
  3 14 13  6
  4 15  8  9
  5  _  1 10
  2 12  7 11

Passo 5:
  3 14 13  6
  4  _  8  9
  5 15  1 10
  2 12  7 11

Passo 6:
  3  _ 13  6
  4 14  8  9
  5 15  1 10
  2 12  7 11

Passo 7:
  _  3 13  6
  4 14  8  9
  5 15  1 10
  2 12  7 11

Passo 8:
  4  3 13  6
  _ 14  8  9
  5 15  1 10
  2 12  7 11

Passo 9:
  4  3 13  6
  5 14  8  9
  _ 15  1 10
  2 12  7 11

Passo 10:
  4  3 13  6
  5 14  8  9
  2 15  1 10
  _ 12  7 11

Passo 11:
  4  3 13  6
  5 14  8  9
  2 15  1 10
 12  _  7 11

Passo 12:
  4  3 13  6
  5 14  8  9
  2  _  1 10
 12 15  7 11

Passo 13:
  4  3 13  6
  5 14  8  9
  _  2  1 10
 12 15  7 11

Passo 14:
  4  3 13  6
  _ 14  8  9
  5  2  1 10
 12 15  7 11

Passo 15:
  4  3 13  6
 14  _  8  9
  5  2  1 10
 12 15  7 11

Passo 16:
  4  3 13  6
 14  2  8  9
  5  _  1 10
 12 15  7 11

Passo 17:
  4  3 13  6
 14  2  8  9
  5  1  _ 10
 12 15  7 11

Passo 18:
  4  3 13  6
 14  2  _  9
  5  1  8 10
 12 15  7 11

Passo 19:
  4  3  _  6
 14  2 13  9
  5  1  8 10
 12 15  7 11

Passo 20:
  4  _  3  6
 14  2 13  9
  5  1  8 10
 12 15  7 11

Passo 21:
  4  2  3  6
 14  _ 13  9
  5  1  8 10
 12 15  7 11

Passo 22:
  4  2  3  6
 14  1 13  9
  5  _  8 10
 12 15  7 11

Passo 23:
  4  2  3  6
 14  1 13  9
  5  8  _ 10
 12 15  7 11

Passo 24:
  4  2  3  6
 14  1  _  9
  5  8 13 10
 12 15  7 11

Passo 25:
  4  2  3  6
 14  1  9  _
  5  8 13 10
 12 15  7 11

Passo 26:
  4  2  3  _
 14  1  9  6
  5  8 13 10
 12 15  7 11

Passo 27:
  4  2  _  3
 14  1  9  6
  5  8 13 10
 12 15  7 11

Passo 28:
  4  _  2  3
 14  1  9  6
  5  8 13 10
 12 15  7 11

Passo 29:
  4  1  2  3
 14  _  9  6
  5  8 13 10
 12 15  7 11

Passo 30:
  4  1  2  3
  _ 14  9  6
  5  8 13 10
 12 15  7 11

Passo 31:
  4  1  2  3
  5 14  9  6
  _  8 13 10
 12 15  7 11

Passo 32:
  4  1  2  3
  5 14  9  6
  8  _ 13 10
 12 15  7 11

Passo 33:
  4  1  2  3
  5 14  9  6
  8 13  _ 10
 12 15  7 11

Passo 34:
  4  1  2  3
  5 14  9  6
  8 13  7 10
 12 15  _ 11

Passo 35:
  4  1  2  3
  5 14  9  6
  8 13  7 10
 12  _ 15 11

Passo 36:
  4  1  2  3
  5 14  9  6
  8  _  7 10
 12 13 15 11

Passo 37:
  4  1  2  3
  5  _  9  6
  8 14  7 10
 12 13 15 11

Passo 38:
  4  1  2  3
  5  9  _  6
  8 14  7 10
 12 13 15 11

Passo 39:
  4  1  2  3
  5  9  6  _
  8 14  7 10
 12 13 15 11

Passo 40:
  4  1  2  3
  5  9  6 10
  8 14  7  _
 12 13 15 11

Passo 41:
  4  1  2  3
  5  9  6 10
  8 14  _  7
 12 13 15 11

Passo 42:
  4  1  2  3
  5  9  6 10
  8  _ 14  7
 12 13 15 11

Passo 43:
  4  1  2  3
  5  _  6 10
  8  9 14  7
 12 13 15 11

Passo 44:
  4  1  2  3
  5  6  _ 10
  8  9 14  7
 12 13 15 11

Passo 45:
  4  1  2  3
  5  6 10  _
  8  9 14  7
 12 13 15 11

Passo 46:
  4  1  2  3
  5  6 10  7
  8  9 14  _
 12 13 15 11

Passo 47:
  4  1  2  3
  5  6 10  7
  8  9 14 11
 12 13 15  _

Passo 48:
  4  1  2  3
  5  6 10  7
  8  9 14 11
 12 13  _ 15

Passo 49:
  4  1  2  3
  5  6 10  7
  8  9  _ 11
 12 13 14 15

Passo 50:
  4  1  2  3
  5  6  _  7
  8  9 10 11
 12 13 14 15

Passo 51:
  4  1  2  3
  5  _  6  7
  8  9 10 11
 12 13 14 15

Passo 52:
  4  1  2  3
  _  5  6  7
  8  9 10 11
 12 13 14 15

Passo 53:
  _  1  2  3
  4  5  6  7
  8  9 10 11
 12 13 14 15

