Algoritmo  : idastar_15p
Instancia  : 69
Heuristica : Manhattan + Conflito Linear
Status     : RESOLVIDO
Profundidade otima: 53 movimentos
Nos expandidos    : 4560287
Tempo             : 1872.01 ms

--- Solucao Otima Passo a Passo ---

Estado inicial:
  6  _  5 15
  1 14  4  9
  2 13  8 10
 11 12  7  3

Passo 1:
  _  6  5 15
  1 14  4  9
  2 13  8 10
 11 12  7  3

Passo 2:
  1  6  5 15
  _ 14  4  9
  2 13  8 10
 11 12  7  3

Passo 3:
  1  6  5 15
  2 14  4  9
  _ 13  8 10
 11 12  7  3

Passo 4:
  1  6  5 15
  2 14  4  9
 13  _  8 10
 11 12  7  3

Passo 5:
  1  6  5 15
  2 14  4  9
 13 12  8 10
 11  _  7  3

Passo 6:
  1  6  5 15
  2 14  4  9
 13 12  8 10
  _ 11  7  3

Passo 7:
  1  6  5 15
  2 14  4  9
  _ 12  8 10
 13 11  7  3

Passo 8:
  1  6  5 15
  2 14  4  9
 12  _  8 10
 13 11  7  3

Passo 9:
  1  6  5 15
  2  _  4  9
 12 14  8 10
 13 11  7  3

Passo 10:
  1  6  5 15
  _  2  4  9
 12 14  8 10
 13 11  7  3

Passo 11:
  _  6  5 15
  1  2  4  9
 12 14  8 10
 13 11  7  3

Passo 12:
  6  _  5 15
  1  2  4  9
 12 14  8 10
 13 11  7  3

Passo 13:
  6  2  5 15
  1  _  4  9
 12 14  8 10
 13 11  7  3

Passo 14:
  6  2  5 15
  1  4  _  9
 12 14  8 10
 13 11  7  3

Passo 15:
  6  2  _ 15
  1  4  5  9
 12 14  8 10
 13 11  7  3

Passo 16:
  6  _  2 15
  1  4  5  9
 12 14  8 10
 13 11  7  3

Passo 17:
  _  6  2 15
  1  4  5  9
 12 14  8 10
 13 11  7  3

Passo 18:
  1  6  2 15
  _  4  5  9
 12 14  8 10
 13 11  7  3

Passo 19:
  1  6  2 15
  4  _  5  9
 12 14  8 10
 13 11  7  3

Passo 20:
  1  6  2 15
  4  5  _  9
 12 14  8 10
 13 11  7  3

Passo 21:
  1  6  2 15
  4  5  9  _
 12 14  8 10
 13 11  7  3

Passo 22:
  1  6  2  _
  4  5  9 15
 12 14  8 10
 13 11  7  3

Passo 23:
  1  6  _  2
  4  5  9 15
 12 14  8 10
 13 11  7  3

Passo 24:
  1  _  6  2
  4  5  9 15
 12 14  8 10
 13 11  7  3

Passo 25:
  1  5  6  2
  4  _  9 15
 12 14  8 10
 13 11  7  3

Passo 26:
  1  5  6  2
  4  9  _ 15
 12 14  8 10
 13 11  7  3

Passo 27:
  1  5  6  2
  4  9 15  _
 12 14  8 10
 13 11  7  3

Passo 28:
  1  5  6  2
  4  9 15 10
 12 14  8  _
 13 11  7  3

Passo 29:
  1  5  6  2
  4  9 15 10
 12 14  8  3
 13 11  7  _

Passo 30:
  1  5  6  2
  4  9 15 10
 12 14  8  3
 13 11  _  7

Passo 31:
  1  5  6  2
  4  9 15 10
 12 14  8  3
 13  _ 11  7

Passo 32:
  1  5  6  2
  4  9 15 10
 12  _  8  3
 13 14 11  7

Passo 33:
  1  5  6  2
  4  9 15 10
 12  8  _  3
 13 14 11  7

Passo 34:
  1  5  6  2
  4  9  _ 10
 12  8 15  3
 13 14 11  7

Passo 35:
  1  5  6  2
  4  9 10  _
 12  8 15  3
 13 14 11  7

Passo 36:
  1  5  6  2
  4  9 10  3
 12  8 15  _
 13 14 11  7

Passo 37:
  1  5  6  2
  4  9 10  3
 12  8 15  7
 13 14 11  _

Passo 38:
  1  5  6  2
  4  9 10  3
 12  8 15  7
 13 14  _ 11

Passo 39:
  1  5  6  2
  4  9 10  3
 12  8  _  7
 13 14 15 11

Passo 40:
  1  5  6  2
  4  9  _  3
 12  8 10  7
 13 14 15 11

Passo 41:
  1  5  _  2
  4  9  6  3
 12  8 10  7
 13 14 15 11

Passo 42:
  1  5  2  _
  4  9  6  3
 12  8 10  7
 13 14 15 11

Passo 43:
  1  5  2  3
  4  9  6  _
 12  8 10  7
 13 14 15 11

Passo 44:
  1  5  2  3
  4  9  6  7
 12  8 10  _
 13 14 15 11

Passo 45:
  1  5  2  3
  4  9  6  7
 12  8 10 11
 13 14 15  _

Passo 46:
  1  5  2  3
  4  9  6  7
 12  8 10 11
 13 14  _ 15

Passo 47:
  1  5  2  3
  4  9  6  7
 12  8 10 11
 13  _ 14 15

Passo 48:
  1  5  2  3
  4  9  6  7
 12  8 10 11
  _ 13 14 15

Passo 49:
  1  5  2  3
  4  9  6  7
  _  8 10 11
 12 13 14 15

Passo 50:
  1  5  2  3
  4  9  6  7
  8  _ 10 11
 12 13 14 15

Passo 51:
  1  5  2  3
  4  _  6  7
  8  9 10 11
 12 13 14 15

Passo 52:
  1  _  2  3
  4  5  6  7
  8  9 10 11
 12 13 14 15

Passo 53:
  _  1  2  3
  4  5  6  7
  8  9 10 11
 12 13 14 15

