Algoritmo  : idastar_15p
Instancia  : 73
Heuristica : Manhattan + Conflito Linear
Status     : RESOLVIDO
Profundidade otima: 49 movimentos
Nos expandidos    : 1116419
Tempo             : 403.37 ms

--- Solucao Otima Passo a Passo ---

Estado inicial:
  6 14 10  5
 15  8  7  1
  3  4  2  _
 12  9 11 13

Passo 1:
  6 14 10  5
 15  8  7  1
  3  4  _  2
 12  9 11 13

Passo 2:
  6 14 10  5
 15  8  _  1
  3  4  7  2
 12  9 11 13

Passo 3:
  6 14  _  5
 15  8 10  1
  3  4  7  2
 12  9 11 13

Passo 4:
  6 14  5  _
 15  8 10  1
  3  4  7  2
 12  9 11 13

Passo 5:
  6 14  5  1
 15  8 10  _
  3  4  7  2
 12  9 11 13

Passo 6:
  6 14  5  1
 15  8 10  2
  3  4  7  _
 12  9 11 13

Passo 7:
  6 14  5  1
 15  8 10  2
  3  4  _  7
 12  9 11 13

Passo 8:
  6 14  5  1
 15  8 10  2
  3  _  4  7
 12  9 11 13

Passo 9:
  6 14  5  1
 15  8 10  2
  _  3  4  7
 12  9 11 13

Passo 10:
  6 14  5  1
  _  8 10  2
 15  3  4  7
 12  9 11 13

Passo 11:
  6 14  5  1
  8  _ 10  2
 15  3  4  7
 12  9 11 13

Passo 12:
  6 14  5  1
  8  3 10  2
 15  _  4  7
 12  9 11 13

Passo 13:
  6 14  5  1
  8  3 10  2
 15  4  _  7
 12  9 11 13

Passo 14:
  6 14  5  1
  8  3  _  2
 15  4 10  7
 12  9 11 13

Passo 15:
  6 14  5  1
  8  _  3  2
 15  4 10  7
 12  9 11 13

Passo 16:
  6 14  5  1
  8  4  3  2
 15  _ 10  7
 12  9 11 13

Passo 17:
  6 14  5  1
  8  4  3  2
  _ 15 10  7
 12  9 11 13

Passo 18:
  6 14  5  1
  _  4  3  2
  8 15 10  7
 12  9 11 13

Passo 19:
  6 14  5  1
  4  _  3  2
  8 15 10  7
 12  9 11 13

Passo 20:
  6  _  5  1
  4 14  3  2
  8 15 10  7
 12  9 11 13

Passo 21:
  6  5  _  1
  4 14  3  2
  8 15 10  7
 12  9 11 13

Passo 22:
  6  5  1  _
  4 14  3  2
  8 15 10  7
 12  9 11 13

Passo 23:
  6  5  1  2
  4 14  3  _
  8 15 10  7
 12  9 11 13

Passo 24:
  6  5  1  2
  4 14  _  3
  8 15 10  7
 12  9 11 13

Passo 25:
  6  5  1  2
  4 14 10  3
  8 15  _  7
 12  9 11 13

Passo 26:
  6  5  1  2
  4 14 10  3
  8  _ 15  7
 12  9 11 13

Passo 27:
  6  5  1  2
  4  _ 10  3
  8 14 15  7
 12  9 11 13

Passo 28:
  6  _  1  2
  4  5 10  3
  8 14 15  7
 12  9 11 13

Passo 29:
  _  6  1  2
  4  5 10  3
  8 14 15  7
 12  9 11 13

Passo 30:
  4  6  1  2
  _  5 10  3
  8 14 15  7
 12  9 11 13

Passo 31:
  4  6  1  2
  5  _ 10  3
  8 14 15  7
 12  9 11 13

Passo 32:
  4  _  1  2
  5  6 10  3
  8 14 15  7
 12  9 11 13

Passo 33:
  4  1  _  2
  5  6 10  3
  8 14 15  7
 12  9 11 13

Passo 34:
  4  1  2  _
  5  6 10  3
  8 14 15  7
 12  9 11 13

Passo 35:
  4  1  2  3
  5  6 10  _
  8 14 15  7
 12  9 11 13

Passo 36:
  4  1  2  3
  5  6 10  7
  8 14 15  _
 12  9 11 13

Passo 37:
  4  1  2  3
  5  6 10  7
  8 14  _ 15
 12  9 11 13

Passo 38:
  4  1  2  3
  5  6 10  7
  8 14 11 15
 12  9  _ 13

Passo 39:
  4  1  2  3
  5  6 10  7
  8 14 11 15
 12  9 13  _

Passo 40:
  4  1  2  3
  5  6 10  7
  8 14 11  _
 12  9 13 15

Passo 41:
  4  1  2  3
  5  6 10  7
  8 14  _ 11
 12  9 13 15

Passo 42:
  4  1  2  3
  5  6 10  7
  8  _ 14 11
 12  9 13 15

Passo 43:
  4  1  2  3
  5  6 10  7
  8  9 14 11
 12  _ 13 15

Passo 44:
  4  1  2  3
  5  6 10  7
  8  9 14 11
 12 13  _ 15

Passo 45:
  4  1  2  3
  5  6 10  7
  8  9  _ 11
 12 13 14 15

Passo 46:
  4  1  2  3
  5  6  _  7
  8  9 10 11
 12 13 14 15

Passo 47:
  4  1  2  3
  5  _  6  7
  8  9 10 11
 12 13 14 15

Passo 48:
  4  1  2  3
  _  5  6  7
  8  9 10 11
 12 13 14 15

Passo 49:
  _  1  2  3
  4  5  6  7
  8  9 10 11
 12 13 14 15

