Algoritmo  : idastar_15p
Instancia  : 9
Heuristica : Manhattan + Conflito Linear
Status     : RESOLVIDO
Profundidade otima: 46 movimentos
Nos expandidos    : 83163
Tempo             : 89.16 ms

--- Solucao Otima Passo a Passo ---

Estado inicial:
  3 14  9 11
  5  4  8  2
 13 12  6  7
 10  1 15  _

Passo 1:
  3 14  9 11
  5  4  8  2
 13 12  6  _
 10  1 15  7

Passo 2:
  3 14  9 11
  5  4  8  2
 13 12  _  6
 10  1 15  7

Passo 3:
  3 14  9 11
  5  4  _  2
 13 12  8  6
 10  1 15  7

Passo 4:
  3 14  9 11
  5  _  4  2
 13 12  8  6
 10  1 15  7

Passo 5:
  3 14  9 11
  5 12  4  2
 13  _  8  6
 10  1 15  7

Passo 6:
  3 14  9 11
  5 12  4  2
 13  1  8  6
 10  _ 15  7

Passo 7:
  3 14  9 11
  5 12  4  2
 13  1  8  6
  _ 10 15  7

Passo 8:
  3 14  9 11
  5 12  4  2
  _  1  8  6
 13 10 15  7

Passo 9:
  3 14  9 11
  5 12  4  2
  1  _  8  6
 13 10 15  7

Passo 10:
  3 14  9 11
  5  _  4  2
  1 12  8  6
 13 10 15  7

Passo 11:
  3  _  9 11
  5 14  4  2
  1 12  8  6
 13 10 15  7

Passo 12:
  _  3  9 11
  5 14  4  2
  1 12  8  6
 13 10 15  7

Passo 13:
  5  3  9 11
  _ 14  4  2
  1 12  8  6
 13 10 15  7

Passo 14:
  5  3  9 11
  1 14  4  2
  _ 12  8  6
 13 10 15  7

Passo 15:
  5  3  9 11
  1 14  4  2
 12  _  8  6
 13 10 15  7

Passo 16:
  5  3  9 11
  1  _  4  2
 12 14  8  6
 13 10 15  7

Passo 17:
  5  3  9 11
  1  4  _  2
 12 14  8  6
 13 10 15  7

Passo 18:
  5  3  _ 11
  1  4  9  2
 12 14  8  6
 13 10 15  7

Passo 19:
  5  _  3 11
  1  4  9  2
 12 14  8  6
 13 10 15  7

Passo 20:
  _  5  3 11
  1  4  9  2
 12 14  8  6
 13 10 15  7

Passo 21:
  1  5  3 11
  _  4  9  2
 12 14  8  6
 13 10 15  7

Passo 22:
  1  5  3 11
  4  _  9  2
 12 14  8  6
 13 10 15  7

Passo 23:
  1  5  3 11
  4  9  _  2
 12 14  8  6
 13 10 15  7

Passo 24:
  1  5  3 11
  4  9  2  _
 12 14  8  6
 13 10 15  7

Passo 25:
  1  5  3  _
  4  9  2 11
 12 14  8  6
 13 10 15  7

Passo 26:
  1  5  _  3
  4  9  2 11
 12 14  8  6
 13 10 15  7

Passo 27:
  1  5  2  3
  4  9  _ 11
 12 14  8  6
 13 10 15  7

Passo 28:
  1  5  2  3
  4  9 11  _
 12 14  8  6
 13 10 15  7

Passo 29:
  1  5  2  3
  4  9 11  6
 12 14  8  _
 13 10 15  7

Passo 30:
  1  5  2  3
  4  9 11  6
 12 14  8  7
 13 10 15  _

Passo 31:
  1  5  2  3
  4  9 11  6
 12 14  8  7
 13 10  _ 15

Passo 32:
  1  5  2  3
  4  9 11  6
 12 14  8  7
 13  _ 10 15

Passo 33:
  1  5  2  3
  4  9 11  6
 12  _  8  7
 13 14 10 15

Passo 34:
  1  5  2  3
  4  9 11  6
 12  8  _  7
 13 14 10 15

Passo 35:
  1  5  2  3
  4  9  _  6
 12  8 11  7
 13 14 10 15

Passo 36:
  1  5  2  3
  4  9  6  _
 12  8 11  7
 13 14 10 15

Passo 37:
  1  5  2  3
  4  9  6  7
 12  8 11  _
 13 14 10 15

Passo 38:
  1  5  2  3
  4  9  6  7
 12  8  _ 11
 13 14 10 15

Passo 39:
  1  5  2  3
  4  9  6  7
 12  8 10 11
 13 14  _ 15

Passo 40:
  1  5  2  3
  4  9  6  7
 12  8 10 11
 13  _ 14 15

Passo 41:
  1  5  2  3
  4  9  6  7
 12  8 10 11
  _ 13 14 15

Passo 42:
  1  5  2  3
  4  9  6  7
  _  8 10 11
 12 13 14 15

Passo 43:
  1  5  2  3
  4  9  6  7
  8  _ 10 11
 12 13 14 15

Passo 44:
  1  5  2  3
  4  _  6  7
  8  9 10 11
 12 13 14 15

Passo 45:
  1  _  2  3
  4  5  6  7
  8  9 10 11
 12 13 14 15

Passo 46:
  _  1  2  3
  4  5  6  7
  8  9 10 11
 12 13 14 15

