Algoritmo  : idastar_15p
Instancia  : 39
Heuristica : Manhattan + Conflito Linear
Status     : RESOLVIDO
Profundidade otima: 49 movimentos
Nos expandidos    : 3374115
Tempo             : 1873.28 ms

--- Solucao Otima Passo a Passo ---

Estado inicial:
  9  _  4 10
  1 14 15  3
 12  6  5  7
 11 13  8  2

Passo 1:
  9 14  4 10
  1  _ 15  3
 12  6  5  7
 11 13  8  2

Passo 2:
  9 14  4 10
  1  6 15  3
 12  _  5  7
 11 13  8  2

Passo 3:
  9 14  4 10
  1  6 15  3
 12  5  _  7
 11 13  8  2

Passo 4:
  9 14  4 10
  1  6 15  3
 12  5  8  7
 11 13  _  2

Passo 5:
  9 14  4 10
  1  6 15  3
 12  5  8  7
 11  _ 13  2

Passo 6:
  9 14  4 10
  1  6 15  3
 12  5  8  7
  _ 11 13  2

Passo 7:
  9 14  4 10
  1  6 15  3
  _  5  8  7
 12 11 13  2

Passo 8:
  9 14  4 10
  1  6 15  3
  5  _  8  7
 12 11 13  2

Passo 9:
  9 14  4 10
  1  6 15  3
  5  8  _  7
 12 11 13  2

Passo 10:
  9 14  4 10
  1  6  _  3
  5  8 15  7
 12 11 13  2

Passo 11:
  9 14  4 10
  1  _  6  3
  5  8 15  7
 12 11 13  2

Passo 12:
  9  _  4 10
  1 14  6  3
  5  8 15  7
 12 11 13  2

Passo 13:
  9  4  _ 10
  1 14  6  3
  5  8 15  7
 12 11 13  2

Passo 14:
  9  4  6 10
  1 14  _  3
  5  8 15  7
 12 11 13  2

Passo 15:
  9  4  6 10
  1  _ 14  3
  5  8 15  7
 12 11 13  2

Passo 16:
  9  4  6 10
  _  1 14  3
  5  8 15  7
 12 11 13  2

Passo 17:
  _  4  6 10
  9  1 14  3
  5  8 15  7
 12 11 13  2

Passo 18:
  4  _  6 10
  9  1 14  3
  5  8 15  7
 12 11 13  2

Passo 19:
  4  1  6 10
  9  _ 14  3
  5  8 15  7
 12 11 13  2

Passo 20:
  4  1  6 10
  _  9 14  3
  5  8 15  7
 12 11 13  2

Passo 21:
  4  1  6 10
  5  9 14  3
  _  8 15  7
 12 11 13  2

Passo 22:
  4  1  6 10
  5  9 14  3
  8  _ 15  7
 12 11 13  2

Passo 23:
  4  1  6 10
  5  9 14  3
  8 11 15  7
 12  _ 13  2

Passo 24:
  4  1  6 10
  5  9 14  3
  8 11 15  7
 12 13  _  2

Passo 25:
  4  1  6 10
  5  9 14  3
  8 11  _  7
 12 13 15  2

Passo 26:
  4  1  6 10
  5  9  _  3
  8 11 14  7
 12 13 15  2

Passo 27:
  4  1  _ 10
  5  9  6  3
  8 11 14  7
 12 13 15  2

Passo 28:
  4  1 10  _
  5  9  6  3
  8 11 14  7
 12 13 15  2

Passo 29:
  4  1 10  3
  5  9  6  _
  8 11 14  7
 12 13 15  2

Passo 30:
  4  1 10  3
  5  9  6  7
  8 11 14  _
 12 13 15  2

Passo 31:
  4  1 10  3
  5  9  6  7
  8 11 14  2
 12 13 15  _

Passo 32:
  4  1 10  3
  5  9  6  7
  8 11 14  2
 12 13  _ 15

Passo 33:
  4  1 10  3
  5  9  6  7
  8 11  _  2
 12 13 14 15

Passo 34:
  4  1 10  3
  5  9  6  7
  8  _ 11  2
 12 13 14 15

Passo 35:
  4  1 10  3
  5  _  6  7
  8  9 11  2
 12 13 14 15

Passo 36:
  4  1 10  3
  5  6  _  7
  8  9 11  2
 12 13 14 15

Passo 37:
  4  1  _  3
  5  6 10  7
  8  9 11  2
 12 13 14 15

Passo 38:
  4  1  3  _
  5  6 10  7
  8  9 11  2
 12 13 14 15

Passo 39:
  4  1  3  7
  5  6 10  _
  8  9 11  2
 12 13 14 15

Passo 40:
  4  1  3  7
  5  6 10  2
  8  9 11  _
 12 13 14 15

Passo 41:
  4  1  3  7
  5  6 10  2
  8  9  _ 11
 12 13 14 15

Passo 42:
  4  1  3  7
  5  6  _  2
  8  9 10 11
 12 13 14 15

Passo 43:
  4  1  3  7
  5  6  2  _
  8  9 10 11
 12 13 14 15

Passo 44:
  4  1  3  _
  5  6  2  7
  8  9 10 11
 12 13 14 15

Passo 45:
  4  1  _  3
  5  6  2  7
  8  9 10 11
 12 13 14 15

Passo 46:
  4  1  2  3
  5  6  _  7
  8  9 10 11
 12 13 14 15

Passo 47:
  4  1  2  3
  5  _  6  7
  8  9 10 11
 12 13 14 15

Passo 48:
  4  1  2  3
  _  5  6  7
  8  9 10 11
 12 13 14 15

Passo 49:
  _  1  2  3
  4  5  6  7
  8  9 10 11
 12 13 14 15

