Algoritmo  : idastar_15p
Instancia  : 87
Heuristica : Manhattan + Conflito Linear
Status     : RESOLVIDO
Profundidade otima: 52 movimentos
Nos expandidos    : 7460884
Tempo             : 5520.47 ms

--- Solucao Otima Passo a Passo ---

Estado inicial:
  9  5 11 10
 13  _  2  1
  8  6 14 12
  4  7  3 15

Passo 1:
  9  _ 11 10
 13  5  2  1
  8  6 14 12
  4  7  3 15

Passo 2:
  9 11  _ 10
 13  5  2  1
  8  6 14 12
  4  7  3 15

Passo 3:
  9 11  2 10
 13  5  _  1
  8  6 14 12
  4  7  3 15

Passo 4:
  9 11  2 10
 13  5  1  _
  8  6 14 12
  4  7  3 15

Passo 5:
  9 11  2  _
 13  5  1 10
  8  6 14 12
  4  7  3 15

Passo 6:
  9 11  _  2
 13  5  1 10
  8  6 14 12
  4  7  3 15

Passo 7:
  9 11  1  2
 13  5  _ 10
  8  6 14 12
  4  7  3 15

Passo 8:
  9 11  1  2
 13  _  5 10
  8  6 14 12
  4  7  3 15

Passo 9:
  9 11  1  2
 13  6  5 10
  8  _ 14 12
  4  7  3 15

Passo 10:
  9 11  1  2
 13  6  5 10
  8 14  _ 12
  4  7  3 15

Passo 11:
  9 11  1  2
 13  6  5 10
  8 14  3 12
  4  7  _ 15

Passo 12:
  9 11  1  2
 13  6  5 10
  8 14  3 12
  4  _  7 15

Passo 13:
  9 11  1  2
 13  6  5 10
  8  _  3 12
  4 14  7 15

Passo 14:
  9 11  1  2
 13  _  5 10
  8  6  3 12
  4 14  7 15

Passo 15:
  9  _  1  2
 13 11  5 10
  8  6  3 12
  4 14  7 15

Passo 16:
  9  1  _  2
 13 11  5 10
  8  6  3 12
  4 14  7 15

Passo 17:
  9  1  5  2
 13 11  _ 10
  8  6  3 12
  4 14  7 15

Passo 18:
  9  1  5  2
 13 11  3 10
  8  6  _ 12
  4 14  7 15

Passo 19:
  9  1  5  2
 13 11  3 10
  8  6 12  _
  4 14  7 15

Passo 20:
  9  1  5  2
 13 11  3  _
  8  6 12 10
  4 14  7 15

Passo 21:
  9  1  5  2
 13 11  _  3
  8  6 12 10
  4 14  7 15

Passo 22:
  9  1  5  2
 13  _ 11  3
  8  6 12 10
  4 14  7 15

Passo 23:
  9  1  5  2
 13  6 11  3
  8  _ 12 10
  4 14  7 15

Passo 24:
  9  1  5  2
 13  6 11  3
  8 12  _ 10
  4 14  7 15

Passo 25:
  9  1  5  2
 13  6 11  3
  8 12  7 10
  4 14  _ 15

Passo 26:
  9  1  5  2
 13  6 11  3
  8 12  7 10
  4  _ 14 15

Passo 27:
  9  1  5  2
 13  6 11  3
  8  _  7 10
  4 12 14 15

Passo 28:
  9  1  5  2
 13  6 11  3
  _  8  7 10
  4 12 14 15

Passo 29:
  9  1  5  2
  _  6 11  3
 13  8  7 10
  4 12 14 15

Passo 30:
  _  1  5  2
  9  6 11  3
 13  8  7 10
  4 12 14 15

Passo 31:
  1  _  5  2
  9  6 11  3
 13  8  7 10
  4 12 14 15

Passo 32:
  1  5  _  2
  9  6 11  3
 13  8  7 10
  4 12 14 15

Passo 33:
  1  5  2  _
  9  6 11  3
 13  8  7 10
  4 12 14 15

Passo 34:
  1  5  2  3
  9  6 11  _
 13  8  7 10
  4 12 14 15

Passo 35:
  1  5  2  3
  9  6  _ 11
 13  8  7 10
  4 12 14 15

Passo 36:
  1  5  2  3
  9  6  7 11
 13  8  _ 10
  4 12 14 15

Passo 37:
  1  5  2  3
  9  6  7 11
 13  _  8 10
  4 12 14 15

Passo 38:
  1  5  2  3
  9  6  7 11
  _ 13  8 10
  4 12 14 15

Passo 39:
  1  5  2  3
  9  6  7 11
  4 13  8 10
  _ 12 14 15

Passo 40:
  1  5  2  3
  9  6  7 11
  4 13  8 10
 12  _ 14 15

Passo 41:
  1  5  2  3
  9  6  7 11
  4  _  8 10
 12 13 14 15

Passo 42:
  1  5  2  3
  9  6  7 11
  4  8  _ 10
 12 13 14 15

Passo 43:
  1  5  2  3
  9  6  7 11
  4  8 10  _
 12 13 14 15

Passo 44:
  1  5  2  3
  9  6  7  _
  4  8 10 11
 12 13 14 15

Passo 45:
  1  5  2  3
  9  6  _  7
  4  8 10 11
 12 13 14 15

Passo 46:
  1  5  2  3
  9  _  6  7
  4  8 10 11
 12 13 14 15

Passo 47:
  1  5  2  3
  _  9  6  7
  4  8 10 11
 12 13 14 15

Passo 48:
  1  5  2  3
  4  9  6  7
  _  8 10 11
 12 13 14 15

Passo 49:
  1  5  2  3
  4  9  6  7
  8  _ 10 11
 12 13 14 15

Passo 50:
  1  5  2  3
  4  _  6  7
  8  9 10 11
 12 13 14 15

Passo 51:
  1  _  2  3
  4  5  6  7
  8  9 10 11
 12 13 14 15

Passo 52:
  _  1  2  3
  4  5  6  7
  8  9 10 11
 12 13 14 15

