Algoritmo  : idastar_15p
Instancia  : 65
Heuristica : Manhattan + Conflito Linear
Status     : RESOLVIDO
Profundidade otima: 47 movimentos
Nos expandidos    : 2087869
Tempo             : 776.36 ms

--- Solucao Otima Passo a Passo ---

Estado inicial:
  7  8  3  2
 10 12  4  6
 11 13  5 15
  _  1  9 14

Passo 1:
  7  8  3  2
 10 12  4  6
  _ 13  5 15
 11  1  9 14

Passo 2:
  7  8  3  2
 10 12  4  6
 13  _  5 15
 11  1  9 14

Passo 3:
  7  8  3  2
 10 12  4  6
 13  1  5 15
 11  _  9 14

Passo 4:
  7  8  3  2
 10 12  4  6
 13  1  5 15
  _ 11  9 14

Passo 5:
  7  8  3  2
 10 12  4  6
  _  1  5 15
 13 11  9 14

Passo 6:
  7  8  3  2
  _ 12  4  6
 10  1  5 15
 13 11  9 14

Passo 7:
  7  8  3  2
 12  _  4  6
 10  1  5 15
 13 11  9 14

Passo 8:
  7  8  3  2
 12  1  4  6
 10  _  5 15
 13 11  9 14

Passo 9:
  7  8  3  2
 12  1  4  6
  _ 10  5 15
 13 11  9 14

Passo 10:
  7  8  3  2
  _  1  4  6
 12 10  5 15
 13 11  9 14

Passo 11:
  7  8  3  2
  1  _  4  6
 12 10  5 15
 13 11  9 14

Passo 12:
  7  8  3  2
  1  4  _  6
 12 10  5 15
 13 11  9 14

Passo 13:
  7  8  _  2
  1  4  3  6
 12 10  5 15
 13 11  9 14

Passo 14:
  7  _  8  2
  1  4  3  6
 12 10  5 15
 13 11  9 14

Passo 15:
  _  7  8  2
  1  4  3  6
 12 10  5 15
 13 11  9 14

Passo 16:
  1  7  8  2
  _  4  3  6
 12 10  5 15
 13 11  9 14

Passo 17:
  1  7  8  2
  4  _  3  6
 12 10  5 15
 13 11  9 14

Passo 18:
  1  _  8  2
  4  7  3  6
 12 10  5 15
 13 11  9 14

Passo 19:
  1  8  _  2
  4  7  3  6
 12 10  5 15
 13 11  9 14

Passo 20:
  1  8  2  _
  4  7  3  6
 12 10  5 15
 13 11  9 14

Passo 21:
  1  8  2  6
  4  7  3  _
 12 10  5 15
 13 11  9 14

Passo 22:
  1  8  2  6
  4  7  _  3
 12 10  5 15
 13 11  9 14

Passo 23:
  1  8  2  6
  4  _  7  3
 12 10  5 15
 13 11  9 14

Passo 24:
  1  _  2  6
  4  8  7  3
 12 10  5 15
 13 11  9 14

Passo 25:
  1  2  _  6
  4  8  7  3
 12 10  5 15
 13 11  9 14

Passo 26:
  1  2  6  _
  4  8  7  3
 12 10  5 15
 13 11  9 14

Passo 27:
  1  2  6  3
  4  8  7  _
 12 10  5 15
 13 11  9 14

Passo 28:
  1  2  6  3
  4  8  _  7
 12 10  5 15
 13 11  9 14

Passo 29:
  1  2  6  3
  4  8  5  7
 12 10  _ 15
 13 11  9 14

Passo 30:
  1  2  6  3
  4  8  5  7
 12  _ 10 15
 13 11  9 14

Passo 31:
  1  2  6  3
  4  _  5  7
 12  8 10 15
 13 11  9 14

Passo 32:
  1  2  6  3
  4  5  _  7
 12  8 10 15
 13 11  9 14

Passo 33:
  1  2  6  3
  4  5 10  7
 12  8  _ 15
 13 11  9 14

Passo 34:
  1  2  6  3
  4  5 10  7
 12  8  9 15
 13 11  _ 14

Passo 35:
  1  2  6  3
  4  5 10  7
 12  8  9 15
 13  _ 11 14

Passo 36:
  1  2  6  3
  4  5 10  7
 12  8  9 15
  _ 13 11 14

Passo 37:
  1  2  6  3
  4  5 10  7
  _  8  9 15
 12 13 11 14

Passo 38:
  1  2  6  3
  4  5 10  7
  8  _  9 15
 12 13 11 14

Passo 39:
  1  2  6  3
  4  5 10  7
  8  9  _ 15
 12 13 11 14

Passo 40:
  1  2  6  3
  4  5 10  7
  8  9 11 15
 12 13  _ 14

Passo 41:
  1  2  6  3
  4  5 10  7
  8  9 11 15
 12 13 14  _

Passo 42:
  1  2  6  3
  4  5 10  7
  8  9 11  _
 12 13 14 15

Passo 43:
  1  2  6  3
  4  5 10  7
  8  9  _ 11
 12 13 14 15

Passo 44:
  1  2  6  3
  4  5  _  7
  8  9 10 11
 12 13 14 15

Passo 45:
  1  2  _  3
  4  5  6  7
  8  9 10 11
 12 13 14 15

Passo 46:
  1  _  2  3
  4  5  6  7
  8  9 10 11
 12 13 14 15

Passo 47:
  _  1  2  3
  4  5  6  7
  8  9 10 11
 12 13 14 15

