Algoritmo  : idastar_15p
Instancia  : 28
Heuristica : Manhattan + Conflito Linear
Status     : RESOLVIDO
Profundidade otima: 52 movimentos
Nos expandidos    : 1745047
Tempo             : 1748.87 ms

--- Solucao Otima Passo a Passo ---

Estado inicial:
 13 14  6 12
  4  5  1  _
  9  3 10  2
 15 11  8  7

Passo 1:
 13 14  6  _
  4  5  1 12
  9  3 10  2
 15 11  8  7

Passo 2:
 13 14  _  6
  4  5  1 12
  9  3 10  2
 15 11  8  7

Passo 3:
 13 14  1  6
  4  5  _ 12
  9  3 10  2
 15 11  8  7

Passo 4:
 13 14  1  6
  4  5 10 12
  9  3  _  2
 15 11  8  7

Passo 5:
 13 14  1  6
  4  5 10 12
  9  _  3  2
 15 11  8  7

Passo 6:
 13 14  1  6
  4  _ 10 12
  9  5  3  2
 15 11  8  7

Passo 7:
 13 14  1  6
  4 10  _ 12
  9  5  3  2
 15 11  8  7

Passo 8:
 13 14  1  6
  4 10 12  _
  9  5  3  2
 15 11  8  7

Passo 9:
 13 14  1  6
  4 10 12  2
  9  5  3  _
 15 11  8  7

Passo 10:
 13 14  1  6
  4 10 12  2
  9  5  _  3
 15 11  8  7

Passo 11:
 13 14  1  6
  4 10 12  2
  9  5  8  3
 15 11  _  7

Passo 12:
 13 14  1  6
  4 10 12  2
  9  5  8  3
 15  _ 11  7

Passo 13:
 13 14  1  6
  4 10 12  2
  9  5  8  3
  _ 15 11  7

Passo 14:
 13 14  1  6
  4 10 12  2
  _  5  8  3
  9 15 11  7

Passo 15:
 13 14  1  6
  4 10 12  2
  5  _  8  3
  9 15 11  7

Passo 16:
 13 14  1  6
  4 10 12  2
  5  8  _  3
  9 15 11  7

Passo 17:
 13 14  1  6
  4 10  _  2
  5  8 12  3
  9 15 11  7

Passo 18:
 13 14  1  6
  4  _ 10  2
  5  8 12  3
  9 15 11  7

Passo 19:
 13  _  1  6
  4 14 10  2
  5  8 12  3
  9 15 11  7

Passo 20:
  _ 13  1  6
  4 14 10  2
  5  8 12  3
  9 15 11  7

Passo 21:
  4 13  1  6
  _ 14 10  2
  5  8 12  3
  9 15 11  7

Passo 22:
  4 13  1  6
  5 14 10  2
  _  8 12  3
  9 15 11  7

Passo 23:
  4 13  1  6
  5 14 10  2
  8  _ 12  3
  9 15 11  7

Passo 24:
  4 13  1  6
  5  _ 10  2
  8 14 12  3
  9 15 11  7

Passo 25:
  4  _  1  6
  5 13 10  2
  8 14 12  3
  9 15 11  7

Passo 26:
  4  1  _  6
  5 13 10  2
  8 14 12  3
  9 15 11  7

Passo 27:
  4  1  6  _
  5 13 10  2
  8 14 12  3
  9 15 11  7

Passo 28:
  4  1  6  2
  5 13 10  _
  8 14 12  3
  9 15 11  7

Passo 29:
  4  1  6  2
  5 13 10  3
  8 14 12  _
  9 15 11  7

Passo 30:
  4  1  6  2
  5 13 10  3
  8 14 12  7
  9 15 11  _

Passo 31:
  4  1  6  2
  5 13 10  3
  8 14 12  7
  9 15  _ 11

Passo 32:
  4  1  6  2
  5 13 10  3
  8 14 12  7
  9  _ 15 11

Passo 33:
  4  1  6  2
  5 13 10  3
  8  _ 12  7
  9 14 15 11

Passo 34:
  4  1  6  2
  5 13 10  3
  8 12  _  7
  9 14 15 11

Passo 35:
  4  1  6  2
  5 13  _  3
  8 12 10  7
  9 14 15 11

Passo 36:
  4  1  _  2
  5 13  6  3
  8 12 10  7
  9 14 15 11

Passo 37:
  4  1  2  _
  5 13  6  3
  8 12 10  7
  9 14 15 11

Passo 38:
  4  1  2  3
  5 13  6  _
  8 12 10  7
  9 14 15 11

Passo 39:
  4  1  2  3
  5 13  6  7
  8 12 10  _
  9 14 15 11

Passo 40:
  4  1  2  3
  5 13  6  7
  8 12 10 11
  9 14 15  _

Passo 41:
  4  1  2  3
  5 13  6  7
  8 12 10 11
  9 14  _ 15

Passo 42:
  4  1  2  3
  5 13  6  7
  8 12 10 11
  9  _ 14 15

Passo 43:
  4  1  2  3
  5 13  6  7
  8  _ 10 11
  9 12 14 15

Passo 44:
  4  1  2  3
  5  _  6  7
  8 13 10 11
  9 12 14 15

Passo 45:
  4  1  2  3
  _  5  6  7
  8 13 10 11
  9 12 14 15

Passo 46:
  4  1  2  3
  8  5  6  7
  _ 13 10 11
  9 12 14 15

Passo 47:
  4  1  2  3
  8  5  6  7
  9 13 10 11
  _ 12 14 15

Passo 48:
  4  1  2  3
  8  5  6  7
  9 13 10 11
 12  _ 14 15

Passo 49:
  4  1  2  3
  8  5  6  7
  9  _ 10 11
 12 13 14 15

Passo 50:
  4  1  2  3
  8  5  6  7
  _  9 10 11
 12 13 14 15

Passo 51:
  4  1  2  3
  _  5  6  7
  8  9 10 11
 12 13 14 15

Passo 52:
  _  1  2  3
  4  5  6  7
  8  9 10 11
 12 13 14 15

