Algoritmo  : idastar_15p
Instancia  : 47
Heuristica : Manhattan + Conflito Linear
Status     : RESOLVIDO
Profundidade otima: 47 movimentos
Nos expandidos    : 233249
Tempo             : 228.15 ms

--- Solucao Otima Passo a Passo ---

Estado inicial:
  6 10  1 14
 15  8  3  5
 13  _  2  7
  4  9 11 12

Passo 1:
  6 10  1 14
 15  _  3  5
 13  8  2  7
  4  9 11 12

Passo 2:
  6  _  1 14
 15 10  3  5
 13  8  2  7
  4  9 11 12

Passo 3:
  6  1  _ 14
 15 10  3  5
 13  8  2  7
  4  9 11 12

Passo 4:
  6  1  3 14
 15 10  _  5
 13  8  2  7
  4  9 11 12

Passo 5:
  6  1  3 14
 15 10  5  _
 13  8  2  7
  4  9 11 12

Passo 6:
  6  1  3  _
 15 10  5 14
 13  8  2  7
  4  9 11 12

Passo 7:
  6  1  _  3
 15 10  5 14
 13  8  2  7
  4  9 11 12

Passo 8:
  6  1  5  3
 15 10  _ 14
 13  8  2  7
  4  9 11 12

Passo 9:
  6  1  5  3
 15 10  2 14
 13  8  _  7
  4  9 11 12

Passo 10:
  6  1  5  3
 15 10  2 14
 13  _  8  7
  4  9 11 12

Passo 11:
  6  1  5  3
 15  _  2 14
 13 10  8  7
  4  9 11 12

Passo 12:
  6  1  5  3
  _ 15  2 14
 13 10  8  7
  4  9 11 12

Passo 13:
  _  1  5  3
  6 15  2 14
 13 10  8  7
  4  9 11 12

Passo 14:
  1  _  5  3
  6 15  2 14
 13 10  8  7
  4  9 11 12

Passo 15:
  1  5  _  3
  6 15  2 14
 13 10  8  7
  4  9 11 12

Passo 16:
  1  5  2  3
  6 15  _ 14
 13 10  8  7
  4  9 11 12

Passo 17:
  1  5  2  3
  6  _ 15 14
 13 10  8  7
  4  9 11 12

Passo 18:
  1  5  2  3
  6 10 15 14
 13  _  8  7
  4  9 11 12

Passo 19:
  1  5  2  3
  6 10 15 14
 13  8  _  7
  4  9 11 12

Passo 20:
  1  5  2  3
  6 10  _ 14
 13  8 15  7
  4  9 11 12

Passo 21:
  1  5  2  3
  6 10 14  _
 13  8 15  7
  4  9 11 12

Passo 22:
  1  5  2  3
  6 10 14  7
 13  8 15  _
  4  9 11 12

Passo 23:
  1  5  2  3
  6 10 14  7
 13  8  _ 15
  4  9 11 12

Passo 24:
  1  5  2  3
  6 10 14  7
 13  8 11 15
  4  9  _ 12

Passo 25:
  1  5  2  3
  6 10 14  7
 13  8 11 15
  4  9 12  _

Passo 26:
  1  5  2  3
  6 10 14  7
 13  8 11  _
  4  9 12 15

Passo 27:
  1  5  2  3
  6 10 14  7
 13  8  _ 11
  4  9 12 15

Passo 28:
  1  5  2  3
  6 10  _  7
 13  8 14 11
  4  9 12 15

Passo 29:
  1  5  2  3
  6  _ 10  7
 13  8 14 11
  4  9 12 15

Passo 30:
  1  5  2  3
  6  8 10  7
 13  _ 14 11
  4  9 12 15

Passo 31:
  1  5  2  3
  6  8 10  7
 13  9 14 11
  4  _ 12 15

Passo 32:
  1  5  2  3
  6  8 10  7
 13  9 14 11
  4 12  _ 15

Passo 33:
  1  5  2  3
  6  8 10  7
 13  9  _ 11
  4 12 14 15

Passo 34:
  1  5  2  3
  6  8 10  7
 13  _  9 11
  4 12 14 15

Passo 35:
  1  5  2  3
  6  8 10  7
  _ 13  9 11
  4 12 14 15

Passo 36:
  1  5  2  3
  6  8 10  7
  4 13  9 11
  _ 12 14 15

Passo 37:
  1  5  2  3
  6  8 10  7
  4 13  9 11
 12  _ 14 15

Passo 38:
  1  5  2  3
  6  8 10  7
  4  _  9 11
 12 13 14 15

Passo 39:
  1  5  2  3
  6  _ 10  7
  4  8  9 11
 12 13 14 15

Passo 40:
  1  5  2  3
  _  6 10  7
  4  8  9 11
 12 13 14 15

Passo 41:
  1  5  2  3
  4  6 10  7
  _  8  9 11
 12 13 14 15

Passo 42:
  1  5  2  3
  4  6 10  7
  8  _  9 11
 12 13 14 15

Passo 43:
  1  5  2  3
  4  6 10  7
  8  9  _ 11
 12 13 14 15

Passo 44:
  1  5  2  3
  4  6  _  7
  8  9 10 11
 12 13 14 15

Passo 45:
  1  5  2  3
  4  _  6  7
  8  9 10 11
 12 13 14 15

Passo 46:
  1  _  2  3
  4  5  6  7
  8  9 10 11
 12 13 14 15

Passo 47:
  _  1  2  3
  4  5  6  7
  8  9 10 11
 12 13 14 15

