Algoritmo  : idastar_15p
Instancia  : 30
Heuristica : Manhattan + Conflito Linear
Status     : RESOLVIDO
Profundidade otima: 47 movimentos
Nos expandidos    : 671179
Tempo             : 259.73 ms

--- Solucao Otima Passo a Passo ---

Estado inicial:
 12 15  2  6
  1 14  4  8
  5  3  7  _
 10 13  9 11

Passo 1:
 12 15  2  6
  1 14  4  8
  5  3  _  7
 10 13  9 11

Passo 2:
 12 15  2  6
  1 14  _  8
  5  3  4  7
 10 13  9 11

Passo 3:
 12 15  2  6
  1  _ 14  8
  5  3  4  7
 10 13  9 11

Passo 4:
 12 15  2  6
  1  3 14  8
  5  _  4  7
 10 13  9 11

Passo 5:
 12 15  2  6
  1  3 14  8
  5  4  _  7
 10 13  9 11

Passo 6:
 12 15  2  6
  1  3  _  8
  5  4 14  7
 10 13  9 11

Passo 7:
 12 15  2  6
  1  _  3  8
  5  4 14  7
 10 13  9 11

Passo 8:
 12  _  2  6
  1 15  3  8
  5  4 14  7
 10 13  9 11

Passo 9:
 12  2  _  6
  1 15  3  8
  5  4 14  7
 10 13  9 11

Passo 10:
 12  2  3  6
  1 15  _  8
  5  4 14  7
 10 13  9 11

Passo 11:
 12  2  3  6
  1  _ 15  8
  5  4 14  7
 10 13  9 11

Passo 12:
 12  2  3  6
  1  4 15  8
  5  _ 14  7
 10 13  9 11

Passo 13:
 12  2  3  6
  1  4 15  8
  5 14  _  7
 10 13  9 11

Passo 14:
 12  2  3  6
  1  4  _  8
  5 14 15  7
 10 13  9 11

Passo 15:
 12  2  3  6
  1  4  8  _
  5 14 15  7
 10 13  9 11

Passo 16:
 12  2  3  _
  1  4  8  6
  5 14 15  7
 10 13  9 11

Passo 17:
 12  2  _  3
  1  4  8  6
  5 14 15  7
 10 13  9 11

Passo 18:
 12  _  2  3
  1  4  8  6
  5 14 15  7
 10 13  9 11

Passo 19:
 12  4  2  3
  1  _  8  6
  5 14 15  7
 10 13  9 11

Passo 20:
 12  4  2  3
  _  1  8  6
  5 14 15  7
 10 13  9 11

Passo 21:
 12  4  2  3
  5  1  8  6
  _ 14 15  7
 10 13  9 11

Passo 22:
 12  4  2  3
  5  1  8  6
 10 14 15  7
  _ 13  9 11

Passo 23:
 12  4  2  3
  5  1  8  6
 10 14 15  7
 13  _  9 11

Passo 24:
 12  4  2  3
  5  1  8  6
 10 14 15  7
 13  9  _ 11

Passo 25:
 12  4  2  3
  5  1  8  6
 10 14  _  7
 13  9 15 11

Passo 26:
 12  4  2  3
  5  1  8  6
 10  _ 14  7
 13  9 15 11

Passo 27:
 12  4  2  3
  5  1  8  6
  _ 10 14  7
 13  9 15 11

Passo 28:
 12  4  2  3
  _  1  8  6
  5 10 14  7
 13  9 15 11

Passo 29:
  _  4  2  3
 12  1  8  6
  5 10 14  7
 13  9 15 11

Passo 30:
  4  _  2  3
 12  1  8  6
  5 10 14  7
 13  9 15 11

Passo 31:
  4  1  2  3
 12  _  8  6
  5 10 14  7
 13  9 15 11

Passo 32:
  4  1  2  3
 12  8  _  6
  5 10 14  7
 13  9 15 11

Passo 33:
  4  1  2  3
 12  8  6  _
  5 10 14  7
 13  9 15 11

Passo 34:
  4  1  2  3
 12  8  6  7
  5 10 14  _
 13  9 15 11

Passo 35:
  4  1  2  3
 12  8  6  7
  5 10 14 11
 13  9 15  _

Passo 36:
  4  1  2  3
 12  8  6  7
  5 10 14 11
 13  9  _ 15

Passo 37:
  4  1  2  3
 12  8  6  7
  5 10  _ 11
 13  9 14 15

Passo 38:
  4  1  2  3
 12  8  6  7
  5  _ 10 11
 13  9 14 15

Passo 39:
  4  1  2  3
 12  8  6  7
  _  5 10 11
 13  9 14 15

Passo 40:
  4  1  2  3
  _  8  6  7
 12  5 10 11
 13  9 14 15

Passo 41:
  4  1  2  3
  8  _  6  7
 12  5 10 11
 13  9 14 15

Passo 42:
  4  1  2  3
  8  5  6  7
 12  _ 10 11
 13  9 14 15

Passo 43:
  4  1  2  3
  8  5  6  7
 12  9 10 11
 13  _ 14 15

Passo 44:
  4  1  2  3
  8  5  6  7
 12  9 10 11
  _ 13 14 15

Passo 45:
  4  1  2  3
  8  5  6  7
  _  9 10 11
 12 13 14 15

Passo 46:
  4  1  2  3
  _  5  6  7
  8  9 10 11
 12 13 14 15

Passo 47:
  _  1  2  3
  4  5  6  7
  8  9 10 11
 12 13 14 15

