Algoritmo  : idastar_15p
Instancia  : 36
Heuristica : Manhattan + Conflito Linear
Status     : RESOLVIDO
Profundidade otima: 52 movimentos
Nos expandidos    : 7130677
Tempo             : 3780.49 ms

--- Solucao Otima Passo a Passo ---

Estado inicial:
 12  6  _  4
  7  3 15  1
 13  9  8 11
  2 14  5 10

Passo 1:
 12  6  4  _
  7  3 15  1
 13  9  8 11
  2 14  5 10

Passo 2:
 12  6  4  1
  7  3 15  _
 13  9  8 11
  2 14  5 10

Passo 3:
 12  6  4  1
  7  3  _ 15
 13  9  8 11
  2 14  5 10

Passo 4:
 12  6  4  1
  7  _  3 15
 13  9  8 11
  2 14  5 10

Passo 5:
 12  6  4  1
  7  9  3 15
 13  _  8 11
  2 14  5 10

Passo 6:
 12  6  4  1
  7  9  3 15
 13  8  _ 11
  2 14  5 10

Passo 7:
 12  6  4  1
  7  9  3 15
 13  8 11  _
  2 14  5 10

Passo 8:
 12  6  4  1
  7  9  3  _
 13  8 11 15
  2 14  5 10

Passo 9:
 12  6  4  1
  7  9  _  3
 13  8 11 15
  2 14  5 10

Passo 10:
 12  6  4  1
  7  _  9  3
 13  8 11 15
  2 14  5 10

Passo 11:
 12  6  4  1
  _  7  9  3
 13  8 11 15
  2 14  5 10

Passo 12:
 12  6  4  1
 13  7  9  3
  _  8 11 15
  2 14  5 10

Passo 13:
 12  6  4  1
 13  7  9  3
  2  8 11 15
  _ 14  5 10

Passo 14:
 12  6  4  1
 13  7  9  3
  2  8 11 15
 14  _  5 10

Passo 15:
 12  6  4  1
 13  7  9  3
  2  8 11 15
 14  5  _ 10

Passo 16:
 12  6  4  1
 13  7  9  3
  2  8 11 15
 14  5 10  _

Passo 17:
 12  6  4  1
 13  7  9  3
  2  8 11  _
 14  5 10 15

Passo 18:
 12  6  4  1
 13  7  9  3
  2  8  _ 11
 14  5 10 15

Passo 19:
 12  6  4  1
 13  7  _  3
  2  8  9 11
 14  5 10 15

Passo 20:
 12  6  4  1
 13  _  7  3
  2  8  9 11
 14  5 10 15

Passo 21:
 12  6  4  1
 13  8  7  3
  2  _  9 11
 14  5 10 15

Passo 22:
 12  6  4  1
 13  8  7  3
  _  2  9 11
 14  5 10 15

Passo 23:
 12  6  4  1
  _  8  7  3
 13  2  9 11
 14  5 10 15

Passo 24:
  _  6  4  1
 12  8  7  3
 13  2  9 11
 14  5 10 15

Passo 25:
  6  _  4  1
 12  8  7  3
 13  2  9 11
 14  5 10 15

Passo 26:
  6  8  4  1
 12  _  7  3
 13  2  9 11
 14  5 10 15

Passo 27:
  6  8  4  1
 12  2  7  3
 13  _  9 11
 14  5 10 15

Passo 28:
  6  8  4  1
 12  2  7  3
 13  5  9 11
 14  _ 10 15

Passo 29:
  6  8  4  1
 12  2  7  3
 13  5  9 11
  _ 14 10 15

Passo 30:
  6  8  4  1
 12  2  7  3
  _  5  9 11
 13 14 10 15

Passo 31:
  6  8  4  1
  _  2  7  3
 12  5  9 11
 13 14 10 15

Passo 32:
  _  8  4  1
  6  2  7  3
 12  5  9 11
 13 14 10 15

Passo 33:
  8  _  4  1
  6  2  7  3
 12  5  9 11
 13 14 10 15

Passo 34:
  8  4  _  1
  6  2  7  3
 12  5  9 11
 13 14 10 15

Passo 35:
  8  4  1  _
  6  2  7  3
 12  5  9 11
 13 14 10 15

Passo 36:
  8  4  1  3
  6  2  7  _
 12  5  9 11
 13 14 10 15

Passo 37:
  8  4  1  3
  6  2  _  7
 12  5  9 11
 13 14 10 15

Passo 38:
  8  4  1  3
  6  _  2  7
 12  5  9 11
 13 14 10 15

Passo 39:
  8  4  1  3
  _  6  2  7
 12  5  9 11
 13 14 10 15

Passo 40:
  _  4  1  3
  8  6  2  7
 12  5  9 11
 13 14 10 15

Passo 41:
  4  _  1  3
  8  6  2  7
 12  5  9 11
 13 14 10 15

Passo 42:
  4  1  _  3
  8  6  2  7
 12  5  9 11
 13 14 10 15

Passo 43:
  4  1  2  3
  8  6  _  7
 12  5  9 11
 13 14 10 15

Passo 44:
  4  1  2  3
  8  _  6  7
 12  5  9 11
 13 14 10 15

Passo 45:
  4  1  2  3
  8  5  6  7
 12  _  9 11
 13 14 10 15

Passo 46:
  4  1  2  3
  8  5  6  7
 12  9  _ 11
 13 14 10 15

Passo 47:
  4  1  2  3
  8  5  6  7
 12  9 10 11
 13 14  _ 15

Passo 48:
  4  1  2  3
  8  5  6  7
 12  9 10 11
 13  _ 14 15

Passo 49:
  4  1  2  3
  8  5  6  7
 12  9 10 11
  _ 13 14 15

Passo 50:
  4  1  2  3
  8  5  6  7
  _  9 10 11
 12 13 14 15

Passo 51:
  4  1  2  3
  _  5  6  7
  8  9 10 11
 12 13 14 15

Passo 52:
  _  1  2  3
  4  5  6  7
  8  9 10 11
 12 13 14 15

