Algoritmo  : idastar_15p
Instancia  : 25
Heuristica : Manhattan + Conflito Linear
Status     : RESOLVIDO
Profundidade otima: 52 movimentos
Nos expandidos    : 8767186
Tempo             : 5938.06 ms

--- Solucao Otima Passo a Passo ---

Estado inicial:
 11  4  2  7
  1  _ 10 15
  6  9 14  8
  3 13  5 12

Passo 1:
 11  _  2  7
  1  4 10 15
  6  9 14  8
  3 13  5 12

Passo 2:
  _ 11  2  7
  1  4 10 15
  6  9 14  8
  3 13  5 12

Passo 3:
  1 11  2  7
  _  4 10 15
  6  9 14  8
  3 13  5 12

Passo 4:
  1 11  2  7
  6  4 10 15
  _  9 14  8
  3 13  5 12

Passo 5:
  1 11  2  7
  6  4 10 15
  3  9 14  8
  _ 13  5 12

Passo 6:
  1 11  2  7
  6  4 10 15
  3  9 14  8
 13  _  5 12

Passo 7:
  1 11  2  7
  6  4 10 15
  3  _ 14  8
 13  9  5 12

Passo 8:
  1 11  2  7
  6  4 10 15
  _  3 14  8
 13  9  5 12

Passo 9:
  1 11  2  7
  _  4 10 15
  6  3 14  8
 13  9  5 12

Passo 10:
  1 11  2  7
  4  _ 10 15
  6  3 14  8
 13  9  5 12

Passo 11:
  1 11  2  7
  4  3 10 15
  6  _ 14  8
 13  9  5 12

Passo 12:
  1 11  2  7
  4  3 10 15
  _  6 14  8
 13  9  5 12

Passo 13:
  1 11  2  7
  4  3 10 15
 13  6 14  8
  _  9  5 12

Passo 14:
  1 11  2  7
  4  3 10 15
 13  6 14  8
  9  _  5 12

Passo 15:
  1 11  2  7
  4  3 10 15
 13  6 14  8
  9  5  _ 12

Passo 16:
  1 11  2  7
  4  3 10 15
 13  6  _  8
  9  5 14 12

Passo 17:
  1 11  2  7
  4  3 10 15
 13  6  8  _
  9  5 14 12

Passo 18:
  1 11  2  7
  4  3 10  _
 13  6  8 15
  9  5 14 12

Passo 19:
  1 11  2  7
  4  3  _ 10
 13  6  8 15
  9  5 14 12

Passo 20:
  1 11  2  7
  4  _  3 10
 13  6  8 15
  9  5 14 12

Passo 21:
  1  _  2  7
  4 11  3 10
 13  6  8 15
  9  5 14 12

Passo 22:
  1  2  _  7
  4 11  3 10
 13  6  8 15
  9  5 14 12

Passo 23:
  1  2  3  7
  4 11  _ 10
 13  6  8 15
  9  5 14 12

Passo 24:
  1  2  3  7
  4  _ 11 10
 13  6  8 15
  9  5 14 12

Passo 25:
  1  2  3  7
  4  6 11 10
 13  _  8 15
  9  5 14 12

Passo 26:
  1  2  3  7
  4  6 11 10
 13  8  _ 15
  9  5 14 12

Passo 27:
  1  2  3  7
  4  6 11 10
 13  8 14 15
  9  5  _ 12

Passo 28:
  1  2  3  7
  4  6 11 10
 13  8 14 15
  9  5 12  _

Passo 29:
  1  2  3  7
  4  6 11 10
 13  8 14  _
  9  5 12 15

Passo 30:
  1  2  3  7
  4  6 11  _
 13  8 14 10
  9  5 12 15

Passo 31:
  1  2  3  7
  4  6  _ 11
 13  8 14 10
  9  5 12 15

Passo 32:
  1  2  3  7
  4  _  6 11
 13  8 14 10
  9  5 12 15

Passo 33:
  1  2  3  7
  4  8  6 11
 13  _ 14 10
  9  5 12 15

Passo 34:
  1  2  3  7
  4  8  6 11
 13  5 14 10
  9  _ 12 15

Passo 35:
  1  2  3  7
  4  8  6 11
 13  5 14 10
  9 12  _ 15

Passo 36:
  1  2  3  7
  4  8  6 11
 13  5  _ 10
  9 12 14 15

Passo 37:
  1  2  3  7
  4  8  6 11
 13  5 10  _
  9 12 14 15

Passo 38:
  1  2  3  7
  4  8  6  _
 13  5 10 11
  9 12 14 15

Passo 39:
  1  2  3  _
  4  8  6  7
 13  5 10 11
  9 12 14 15

Passo 40:
  1  2  _  3
  4  8  6  7
 13  5 10 11
  9 12 14 15

Passo 41:
  1  _  2  3
  4  8  6  7
 13  5 10 11
  9 12 14 15

Passo 42:
  _  1  2  3
  4  8  6  7
 13  5 10 11
  9 12 14 15

Passo 43:
  4  1  2  3
  _  8  6  7
 13  5 10 11
  9 12 14 15

Passo 44:
  4  1  2  3
  8  _  6  7
 13  5 10 11
  9 12 14 15

Passo 45:
  4  1  2  3
  8  5  6  7
 13  _ 10 11
  9 12 14 15

Passo 46:
  4  1  2  3
  8  5  6  7
  _ 13 10 11
  9 12 14 15

Passo 47:
  4  1  2  3
  8  5  6  7
  9 13 10 11
  _ 12 14 15

Passo 48:
  4  1  2  3
  8  5  6  7
  9 13 10 11
 12  _ 14 15

Passo 49:
  4  1  2  3
  8  5  6  7
  9  _ 10 11
 12 13 14 15

Passo 50:
  4  1  2  3
  8  5  6  7
  _  9 10 11
 12 13 14 15

Passo 51:
  4  1  2  3
  _  5  6  7
  8  9 10 11
 12 13 14 15

Passo 52:
  _  1  2  3
  4  5  6  7
  8  9 10 11
 12 13 14 15

