Algoritmo  : idastar_15p
Instancia  : 1
Heuristica : Manhattan + Conflito Linear
Status     : RESOLVIDO
Profundidade otima: 57 movimentos
Nos expandidos    : 7008255
Tempo             : 7878.51 ms

--- Solucao Otima Passo a Passo ---

Estado inicial:
 14 13 15  7
 11 12  9  5
  6  _  2  1
  4  8 10  3

Passo 1:
 14 13 15  7
 11  _  9  5
  6 12  2  1
  4  8 10  3

Passo 2:
 14 13 15  7
  _ 11  9  5
  6 12  2  1
  4  8 10  3

Passo 3:
 14 13 15  7
  6 11  9  5
  _ 12  2  1
  4  8 10  3

Passo 4:
 14 13 15  7
  6 11  9  5
  4 12  2  1
  _  8 10  3

Passo 5:
 14 13 15  7
  6 11  9  5
  4 12  2  1
  8  _ 10  3

Passo 6:
 14 13 15  7
  6 11  9  5
  4  _  2  1
  8 12 10  3

Passo 7:
 14 13 15  7
  6  _  9  5
  4 11  2  1
  8 12 10  3

Passo 8:
 14  _ 15  7
  6 13  9  5
  4 11  2  1
  8 12 10  3

Passo 9:
  _ 14 15  7
  6 13  9  5
  4 11  2  1
  8 12 10  3

Passo 10:
  6 14 15  7
  _ 13  9  5
  4 11  2  1
  8 12 10  3

Passo 11:
  6 14 15  7
  4 13  9  5
  _ 11  2  1
  8 12 10  3

Passo 12:
  6 14 15  7
  4 13  9  5
  8 11  2  1
  _ 12 10  3

Passo 13:
  6 14 15  7
  4 13  9  5
  8 11  2  1
 12  _ 10  3

Passo 14:
  6 14 15  7
  4 13  9  5
  8  _  2  1
 12 11 10  3

Passo 15:
  6 14 15  7
  4  _  9  5
  8 13  2  1
 12 11 10  3

Passo 16:
  6 14 15  7
  4  9  _  5
  8 13  2  1
 12 11 10  3

Passo 17:
  6 14 15  7
  4  9  5  _
  8 13  2  1
 12 11 10  3

Passo 18:
  6 14 15  7
  4  9  5  1
  8 13  2  _
 12 11 10  3

Passo 19:
  6 14 15  7
  4  9  5  1
  8 13  _  2
 12 11 10  3

Passo 20:
  6 14 15  7
  4  9  5  1
  8 13 10  2
 12 11  _  3

Passo 21:
  6 14 15  7
  4  9  5  1
  8 13 10  2
 12  _ 11  3

Passo 22:
  6 14 15  7
  4  9  5  1
  8  _ 10  2
 12 13 11  3

Passo 23:
  6 14 15  7
  4  _  5  1
  8  9 10  2
 12 13 11  3

Passo 24:
  6 14 15  7
  4  5  _  1
  8  9 10  2
 12 13 11  3

Passo 25:
  6 14  _  7
  4  5 15  1
  8  9 10  2
 12 13 11  3

Passo 26:
  6  _ 14  7
  4  5 15  1
  8  9 10  2
 12 13 11  3

Passo 27:
  _  6 14  7
  4  5 15  1
  8  9 10  2
 12 13 11  3

Passo 28:
  4  6 14  7
  _  5 15  1
  8  9 10  2
 12 13 11  3

Passo 29:
  4  6 14  7
  5  _ 15  1
  8  9 10  2
 12 13 11  3

Passo 30:
  4  6 14  7
  5  9 15  1
  8  _ 10  2
 12 13 11  3

Passo 31:
  4  6 14  7
  5  9 15  1
  8 10  _  2
 12 13 11  3

Passo 32:
  4  6 14  7
  5  9  _  1
  8 10 15  2
 12 13 11  3

Passo 33:
  4  6  _  7
  5  9 14  1
  8 10 15  2
 12 13 11  3

Passo 34:
  4  6  7  _
  5  9 14  1
  8 10 15  2
 12 13 11  3

Passo 35:
  4  6  7  1
  5  9 14  _
  8 10 15  2
 12 13 11  3

Passo 36:
  4  6  7  1
  5  9 14  2
  8 10 15  _
 12 13 11  3

Passo 37:
  4  6  7  1
  5  9 14  2
  8 10 15  3
 12 13 11  _

Passo 38:
  4  6  7  1
  5  9 14  2
  8 10 15  3
 12 13  _ 11

Passo 39:
  4  6  7  1
  5  9 14  2
  8 10  _  3
 12 13 15 11

Passo 40:
  4  6  7  1
  5  9  _  2
  8 10 14  3
 12 13 15 11

Passo 41:
  4  6  _  1
  5  9  7  2
  8 10 14  3
 12 13 15 11

Passo 42:
  4  6  1  _
  5  9  7  2
  8 10 14  3
 12 13 15 11

Passo 43:
  4  6  1  2
  5  9  7  _
  8 10 14  3
 12 13 15 11

Passo 44:
  4  6  1  2
  5  9  7  3
  8 10 14  _
 12 13 15 11

Passo 45:
  4  6  1  2
  5  9  7  3
  8 10 14 11
 12 13 15  _

Passo 46:
  4  6  1  2
  5  9  7  3
  8 10 14 11
 12 13  _ 15

Passo 47:
  4  6  1  2
  5  9  7  3
  8 10  _ 11
 12 13 14 15

Passo 48:
  4  6  1  2
  5  9  7  3
  8  _ 10 11
 12 13 14 15

Passo 49:
  4  6  1  2
  5  _  7  3
  8  9 10 11
 12 13 14 15

Passo 50:
  4  _  1  2
  5  6  7  3
  8  9 10 11
 12 13 14 15

Passo 51:
  4  1  _  2
  5  6  7  3
  8  9 10 11
 12 13 14 15

Passo 52:
  4  1  2  _
  5  6  7  3
  8  9 10 11
 12 13 14 15

Passo 53:
  4  1  2  3
  5  6  7  _
  8  9 10 11
 12 13 14 15

Passo 54:
  4  1  2  3
  5  6  _  7
  8  9 10 11
 12 13 14 15

Passo 55:
  4  1  2  3
  5  _  6  7
  8  9 10 11
 12 13 14 15

Passo 56:
  4  1  2  3
  _  5  6  7
  8  9 10 11
 12 13 14 15

Passo 57:
  _  1  2  3
  4  5  6  7
  8  9 10 11
 12 13 14 15

