Algoritmo  : idastar_15p
Instancia  : 93
Heuristica : Manhattan + Conflito Linear
Status     : RESOLVIDO
Profundidade otima: 46 movimentos
Nos expandidos    : 350022
Tempo             : 138.83 ms

--- Solucao Otima Passo a Passo ---

Estado inicial:
 13  9 14  6
 12  8  1  2
  3  4  _  7
  5 10 11 15

Passo 1:
 13  9 14  6
 12  8  _  2
  3  4  1  7
  5 10 11 15

Passo 2:
 13  9  _  6
 12  8 14  2
  3  4  1  7
  5 10 11 15

Passo 3:
 13  _  9  6
 12  8 14  2
  3  4  1  7
  5 10 11 15

Passo 4:
 13  8  9  6
 12  _ 14  2
  3  4  1  7
  5 10 11 15

Passo 5:
 13  8  9  6
  _ 12 14  2
  3  4  1  7
  5 10 11 15

Passo 6:
 13  8  9  6
  3 12 14  2
  _  4  1  7
  5 10 11 15

Passo 7:
 13  8  9  6
  3 12 14  2
  4  _  1  7
  5 10 11 15

Passo 8:
 13  8  9  6
  3  _ 14  2
  4 12  1  7
  5 10 11 15

Passo 9:
 13  8  9  6
  3 14  _  2
  4 12  1  7
  5 10 11 15

Passo 10:
 13  8  9  6
  3 14  1  2
  4 12  _  7
  5 10 11 15

Passo 11:
 13  8  9  6
  3 14  1  2
  4 12 11  7
  5 10  _ 15

Passo 12:
 13  8  9  6
  3 14  1  2
  4 12 11  7
  5  _ 10 15

Passo 13:
 13  8  9  6
  3 14  1  2
  4  _ 11  7
  5 12 10 15

Passo 14:
 13  8  9  6
  3  _  1  2
  4 14 11  7
  5 12 10 15

Passo 15:
 13  _  9  6
  3  8  1  2
  4 14 11  7
  5 12 10 15

Passo 16:
  _ 13  9  6
  3  8  1  2
  4 14 11  7
  5 12 10 15

Passo 17:
  3 13  9  6
  _  8  1  2
  4 14 11  7
  5 12 10 15

Passo 18:
  3 13  9  6
  4  8  1  2
  _ 14 11  7
  5 12 10 15

Passo 19:
  3 13  9  6
  4  8  1  2
  5 14 11  7
  _ 12 10 15

Passo 20:
  3 13  9  6
  4  8  1  2
  5 14 11  7
 12  _ 10 15

Passo 21:
  3 13  9  6
  4  8  1  2
  5  _ 11  7
 12 14 10 15

Passo 22:
  3 13  9  6
  4  _  1  2
  5  8 11  7
 12 14 10 15

Passo 23:
  3  _  9  6
  4 13  1  2
  5  8 11  7
 12 14 10 15

Passo 24:
  _  3  9  6
  4 13  1  2
  5  8 11  7
 12 14 10 15

Passo 25:
  4  3  9  6
  _ 13  1  2
  5  8 11  7
 12 14 10 15

Passo 26:
  4  3  9  6
  5 13  1  2
  _  8 11  7
 12 14 10 15

Passo 27:
  4  3  9  6
  5 13  1  2
  8  _ 11  7
 12 14 10 15

Passo 28:
  4  3  9  6
  5  _  1  2
  8 13 11  7
 12 14 10 15

Passo 29:
  4  3  9  6
  5  1  _  2
  8 13 11  7
 12 14 10 15

Passo 30:
  4  3  _  6
  5  1  9  2
  8 13 11  7
 12 14 10 15

Passo 31:
  4  _  3  6
  5  1  9  2
  8 13 11  7
 12 14 10 15

Passo 32:
  4  1  3  6
  5  _  9  2
  8 13 11  7
 12 14 10 15

Passo 33:
  4  1  3  6
  5  9  _  2
  8 13 11  7
 12 14 10 15

Passo 34:
  4  1  3  6
  5  9  2  _
  8 13 11  7
 12 14 10 15

Passo 35:
  4  1  3  _
  5  9  2  6
  8 13 11  7
 12 14 10 15

Passo 36:
  4  1  _  3
  5  9  2  6
  8 13 11  7
 12 14 10 15

Passo 37:
  4  1  2  3
  5  9  _  6
  8 13 11  7
 12 14 10 15

Passo 38:
  4  1  2  3
  5  9  6  _
  8 13 11  7
 12 14 10 15

Passo 39:
  4  1  2  3
  5  9  6  7
  8 13 11  _
 12 14 10 15

Passo 40:
  4  1  2  3
  5  9  6  7
  8 13  _ 11
 12 14 10 15

Passo 41:
  4  1  2  3
  5  9  6  7
  8 13 10 11
 12 14  _ 15

Passo 42:
  4  1  2  3
  5  9  6  7
  8 13 10 11
 12  _ 14 15

Passo 43:
  4  1  2  3
  5  9  6  7
  8  _ 10 11
 12 13 14 15

Passo 44:
  4  1  2  3
  5  _  6  7
  8  9 10 11
 12 13 14 15

Passo 45:
  4  1  2  3
  _  5  6  7
  8  9 10 11
 12 13 14 15

Passo 46:
  _  1  2  3
  4  5  6  7
  8  9 10 11
 12 13 14 15

