Algoritmo  : idastar_15p
Instancia  : 50
Heuristica : Manhattan + Conflito Linear
Status     : RESOLVIDO
Profundidade otima: 53 movimentos
Nos expandidos    : 2654909
Tempo             : 1293.18 ms

--- Solucao Otima Passo a Passo ---

Estado inicial:
 12  5 13 11
  2 10  _  9
  7  8  4  3
 14  6 15  1

Passo 1:
 12  5 13 11
  2 10  4  9
  7  8  _  3
 14  6 15  1

Passo 2:
 12  5 13 11
  2 10  4  9
  7  8  3  _
 14  6 15  1

Passo 3:
 12  5 13 11
  2 10  4  9
  7  8  3  1
 14  6 15  _

Passo 4:
 12  5 13 11
  2 10  4  9
  7  8  3  1
 14  6  _ 15

Passo 5:
 12  5 13 11
  2 10  4  9
  7  8  3  1
 14  _  6 15

Passo 6:
 12  5 13 11
  2 10  4  9
  7  _  3  1
 14  8  6 15

Passo 7:
 12  5 13 11
  2 10  4  9
  _  7  3  1
 14  8  6 15

Passo 8:
 12  5 13 11
  _ 10  4  9
  2  7  3  1
 14  8  6 15

Passo 9:
  _  5 13 11
 12 10  4  9
  2  7  3  1
 14  8  6 15

Passo 10:
  5  _ 13 11
 12 10  4  9
  2  7  3  1
 14  8  6 15

Passo 11:
  5 13  _ 11
 12 10  4  9
  2  7  3  1
 14  8  6 15

Passo 12:
  5 13  4 11
 12 10  _  9
  2  7  3  1
 14  8  6 15

Passo 13:
  5 13  4 11
 12 10  3  9
  2  7  _  1
 14  8  6 15

Passo 14:
  5 13  4 11
 12 10  3  9
  2  _  7  1
 14  8  6 15

Passo 15:
  5 13  4 11
 12 10  3  9
  _  2  7  1
 14  8  6 15

Passo 16:
  5 13  4 11
  _ 10  3  9
 12  2  7  1
 14  8  6 15

Passo 17:
  5 13  4 11
 10  _  3  9
 12  2  7  1
 14  8  6 15

Passo 18:
  5  _  4 11
 10 13  3  9
 12  2  7  1
 14  8  6 15

Passo 19:
  5  4  _ 11
 10 13  3  9
 12  2  7  1
 14  8  6 15

Passo 20:
  5  4  3 11
 10 13  _  9
 12  2  7  1
 14  8  6 15

Passo 21:
  5  4  3 11
 10 13  9  _
 12  2  7  1
 14  8  6 15

Passo 22:
  5  4  3  _
 10 13  9 11
 12  2  7  1
 14  8  6 15

Passo 23:
  5  4  _  3
 10 13  9 11
 12  2  7  1
 14  8  6 15

Passo 24:
  5  4  9  3
 10 13  _ 11
 12  2  7  1
 14  8  6 15

Passo 25:
  5  4  9  3
 10 13  7 11
 12  2  _  1
 14  8  6 15

Passo 26:
  5  4  9  3
 10 13  7 11
 12  2  1  _
 14  8  6 15

Passo 27:
  5  4  9  3
 10 13  7  _
 12  2  1 11
 14  8  6 15

Passo 28:
  5  4  9  3
 10 13  _  7
 12  2  1 11
 14  8  6 15

Passo 29:
  5  4  9  3
 10 13  1  7
 12  2  _ 11
 14  8  6 15

Passo 30:
  5  4  9  3
 10 13  1  7
 12  _  2 11
 14  8  6 15

Passo 31:
  5  4  9  3
 10 13  1  7
 12  8  2 11
 14  _  6 15

Passo 32:
  5  4  9  3
 10 13  1  7
 12  8  2 11
  _ 14  6 15

Passo 33:
  5  4  9  3
 10 13  1  7
  _  8  2 11
 12 14  6 15

Passo 34:
  5  4  9  3
 10 13  1  7
  8  _  2 11
 12 14  6 15

Passo 35:
  5  4  9  3
 10  _  1  7
  8 13  2 11
 12 14  6 15

Passo 36:
  5  4  9  3
  _ 10  1  7
  8 13  2 11
 12 14  6 15

Passo 37:
  _  4  9  3
  5 10  1  7
  8 13  2 11
 12 14  6 15

Passo 38:
  4  _  9  3
  5 10  1  7
  8 13  2 11
 12 14  6 15

Passo 39:
  4  9  _  3
  5 10  1  7
  8 13  2 11
 12 14  6 15

Passo 40:
  4  9  1  3
  5 10  _  7
  8 13  2 11
 12 14  6 15

Passo 41:
  4  9  1  3
  5 10  2  7
  8 13  _ 11
 12 14  6 15

Passo 42:
  4  9  1  3
  5 10  2  7
  8 13  6 11
 12 14  _ 15

Passo 43:
  4  9  1  3
  5 10  2  7
  8 13  6 11
 12  _ 14 15

Passo 44:
  4  9  1  3
  5 10  2  7
  8  _  6 11
 12 13 14 15

Passo 45:
  4  9  1  3
  5  _  2  7
  8 10  6 11
 12 13 14 15

Passo 46:
  4  _  1  3
  5  9  2  7
  8 10  6 11
 12 13 14 15

Passo 47:
  4  1  _  3
  5  9  2  7
  8 10  6 11
 12 13 14 15

Passo 48:
  4  1  2  3
  5  9  _  7
  8 10  6 11
 12 13 14 15

Passo 49:
  4  1  2  3
  5  9  6  7
  8 10  _ 11
 12 13 14 15

Passo 50:
  4  1  2  3
  5  9  6  7
  8  _ 10 11
 12 13 14 15

Passo 51:
  4  1  2  3
  5  _  6  7
  8  9 10 11
 12 13 14 15

Passo 52:
  4  1  2  3
  _  5  6  7
  8  9 10 11
 12 13 14 15

Passo 53:
  _  1  2  3
  4  5  6  7
  8  9 10 11
 12 13 14 15

