Algoritmo  : idastar_15p
Instancia  : 76
Heuristica : Manhattan + Conflito Linear
Status     : RESOLVIDO
Profundidade otima: 57 movimentos
Nos expandidos    : 18474127
Tempo             : 9786.54 ms

--- Solucao Otima Passo a Passo ---

Estado inicial:
 15 10  8  3
  _  6  9  5
  1 14 13 11
  7  2 12  4

Passo 1:
  _ 10  8  3
 15  6  9  5
  1 14 13 11
  7  2 12  4

Passo 2:
 10  _  8  3
 15  6  9  5
  1 14 13 11
  7  2 12  4

Passo 3:
 10  6  8  3
 15  _  9  5
  1 14 13 11
  7  2 12  4

Passo 4:
 10  6  8  3
 15 14  9  5
  1  _ 13 11
  7  2 12  4

Passo 5:
 10  6  8  3
 15 14  9  5
  _  1 13 11
  7  2 12  4

Passo 6:
 10  6  8  3
  _ 14  9  5
 15  1 13 11
  7  2 12  4

Passo 7:
 10  6  8  3
 14  _  9  5
 15  1 13 11
  7  2 12  4

Passo 8:
 10  6  8  3
 14  1  9  5
 15  _ 13 11
  7  2 12  4

Passo 9:
 10  6  8  3
 14  1  9  5
 15  2 13 11
  7  _ 12  4

Passo 10:
 10  6  8  3
 14  1  9  5
 15  2 13 11
  7 12  _  4

Passo 11:
 10  6  8  3
 14  1  9  5
 15  2 13 11
  7 12  4  _

Passo 12:
 10  6  8  3
 14  1  9  5
 15  2 13  _
  7 12  4 11

Passo 13:
 10  6  8  3
 14  1  9  _
 15  2 13  5
  7 12  4 11

Passo 14:
 10  6  8  3
 14  1  _  9
 15  2 13  5
  7 12  4 11

Passo 15:
 10  6  _  3
 14  1  8  9
 15  2 13  5
  7 12  4 11

Passo 16:
 10  _  6  3
 14  1  8  9
 15  2 13  5
  7 12  4 11

Passo 17:
 10  1  6  3
 14  _  8  9
 15  2 13  5
  7 12  4 11

Passo 18:
 10  1  6  3
 14  2  8  9
 15  _ 13  5
  7 12  4 11

Passo 19:
 10  1  6  3
 14  2  8  9
  _ 15 13  5
  7 12  4 11

Passo 20:
 10  1  6  3
 14  2  8  9
  7 15 13  5
  _ 12  4 11

Passo 21:
 10  1  6  3
 14  2  8  9
  7 15 13  5
 12  _  4 11

Passo 22:
 10  1  6  3
 14  2  8  9
  7  _ 13  5
 12 15  4 11

Passo 23:
 10  1  6  3
 14  2  8  9
  7 13  _  5
 12 15  4 11

Passo 24:
 10  1  6  3
 14  2  8  9
  7 13  4  5
 12 15  _ 11

Passo 25:
 10  1  6  3
 14  2  8  9
  7 13  4  5
 12  _ 15 11

Passo 26:
 10  1  6  3
 14  2  8  9
  7  _  4  5
 12 13 15 11

Passo 27:
 10  1  6  3
 14  2  8  9
  _  7  4  5
 12 13 15 11

Passo 28:
 10  1  6  3
  _  2  8  9
 14  7  4  5
 12 13 15 11

Passo 29:
  _  1  6  3
 10  2  8  9
 14  7  4  5
 12 13 15 11

Passo 30:
  1  _  6  3
 10  2  8  9
 14  7  4  5
 12 13 15 11

Passo 31:
  1  2  6  3
 10  _  8  9
 14  7  4  5
 12 13 15 11

Passo 32:
  1  2  6  3
 10  8  _  9
 14  7  4  5
 12 13 15 11

Passo 33:
  1  2  6  3
 10  8  4  9
 14  7  _  5
 12 13 15 11

Passo 34:
  1  2  6  3
 10  8  4  9
 14  _  7  5
 12 13 15 11

Passo 35:
  1  2  6  3
 10  8  4  9
  _ 14  7  5
 12 13 15 11

Passo 36:
  1  2  6  3
  _  8  4  9
 10 14  7  5
 12 13 15 11

Passo 37:
  1  2  6  3
  8  _  4  9
 10 14  7  5
 12 13 15 11

Passo 38:
  1  2  6  3
  8  4  _  9
 10 14  7  5
 12 13 15 11

Passo 39:
  1  2  6  3
  8  4  9  _
 10 14  7  5
 12 13 15 11

Passo 40:
  1  2  6  3
  8  4  9  5
 10 14  7  _
 12 13 15 11

Passo 41:
  1  2  6  3
  8  4  9  5
 10 14  _  7
 12 13 15 11

Passo 42:
  1  2  6  3
  8  4  9  5
 10  _ 14  7
 12 13 15 11

Passo 43:
  1  2  6  3
  8  4  9  5
  _ 10 14  7
 12 13 15 11

Passo 44:
  1  2  6  3
  _  4  9  5
  8 10 14  7
 12 13 15 11

Passo 45:
  1  2  6  3
  4  _  9  5
  8 10 14  7
 12 13 15 11

Passo 46:
  1  2  6  3
  4  9  _  5
  8 10 14  7
 12 13 15 11

Passo 47:
  1  2  6  3
  4  9  5  _
  8 10 14  7
 12 13 15 11

Passo 48:
  1  2  6  3
  4  9  5  7
  8 10 14  _
 12 13 15 11

Passo 49:
  1  2  6  3
  4  9  5  7
  8 10 14 11
 12 13 15  _

Passo 50:
  1  2  6  3
  4  9  5  7
  8 10 14 11
 12 13  _ 15

Passo 51:
  1  2  6  3
  4  9  5  7
  8 10  _ 11
 12 13 14 15

Passo 52:
  1  2  6  3
  4  9  5  7
  8  _ 10 11
 12 13 14 15

Passo 53:
  1  2  6  3
  4  _  5  7
  8  9 10 11
 12 13 14 15

Passo 54:
  1  2  6  3
  4  5  _  7
  8  9 10 11
 12 13 14 15

Passo 55:
  1  2  _  3
  4  5  6  7
  8  9 10 11
 12 13 14 15

Passo 56:
  1  _  2  3
  4  5  6  7
  8  9 10 11
 12 13 14 15

Passo 57:
  _  1  2  3
  4  5  6  7
  8  9 10 11
 12 13 14 15

