Algoritmo  : idastar_15p
Instancia  : 12
Heuristica : Manhattan + Conflito Linear
Status     : RESOLVIDO
Profundidade otima: 45 movimentos
Nos expandidos    : 200524
Tempo             : 76.72 ms

--- Solucao Otima Passo a Passo ---

Estado inicial:
 14  1  9  6
  4  8 12  5
  7  2  3  _
 10 11 13 15

Passo 1:
 14  1  9  6
  4  8 12  5
  7  2  _  3
 10 11 13 15

Passo 2:
 14  1  9  6
  4  8 12  5
  7  _  2  3
 10 11 13 15

Passo 3:
 14  1  9  6
  4  8 12  5
  _  7  2  3
 10 11 13 15

Passo 4:
 14  1  9  6
  _  8 12  5
  4  7  2  3
 10 11 13 15

Passo 5:
 14  1  9  6
  8  _ 12  5
  4  7  2  3
 10 11 13 15

Passo 6:
 14  1  9  6
  8 12  _  5
  4  7  2  3
 10 11 13 15

Passo 7:
 14  1  9  6
  8 12  2  5
  4  7  _  3
 10 11 13 15

Passo 8:
 14  1  9  6
  8 12  2  5
  4  _  7  3
 10 11 13 15

Passo 9:
 14  1  9  6
  8  _  2  5
  4 12  7  3
 10 11 13 15

Passo 10:
 14  1  9  6
  _  8  2  5
  4 12  7  3
 10 11 13 15

Passo 11:
 14  1  9  6
  4  8  2  5
  _ 12  7  3
 10 11 13 15

Passo 12:
 14  1  9  6
  4  8  2  5
 12  _  7  3
 10 11 13 15

Passo 13:
 14  1  9  6
  4  8  2  5
 12 11  7  3
 10  _ 13 15

Passo 14:
 14  1  9  6
  4  8  2  5
 12 11  7  3
  _ 10 13 15

Passo 15:
 14  1  9  6
  4  8  2  5
  _ 11  7  3
 12 10 13 15

Passo 16:
 14  1  9  6
  _  8  2  5
  4 11  7  3
 12 10 13 15

Passo 17:
  _  1  9  6
 14  8  2  5
  4 11  7  3
 12 10 13 15

Passo 18:
  1  _  9  6
 14  8  2  5
  4 11  7  3
 12 10 13 15

Passo 19:
  1  9  _  6
 14  8  2  5
  4 11  7  3
 12 10 13 15

Passo 20:
  1  9  2  6
 14  8  _  5
  4 11  7  3
 12 10 13 15

Passo 21:
  1  9  2  6
 14  8  5  _
  4 11  7  3
 12 10 13 15

Passo 22:
  1  9  2  6
 14  8  5  3
  4 11  7  _
 12 10 13 15

Passo 23:
  1  9  2  6
 14  8  5  3
  4 11  _  7
 12 10 13 15

Passo 24:
  1  9  2  6
 14  8  5  3
  4  _ 11  7
 12 10 13 15

Passo 25:
  1  9  2  6
 14  _  5  3
  4  8 11  7
 12 10 13 15

Passo 26:
  1  9  2  6
  _ 14  5  3
  4  8 11  7
 12 10 13 15

Passo 27:
  1  9  2  6
  4 14  5  3
  _  8 11  7
 12 10 13 15

Passo 28:
  1  9  2  6
  4 14  5  3
  8  _ 11  7
 12 10 13 15

Passo 29:
  1  9  2  6
  4  _  5  3
  8 14 11  7
 12 10 13 15

Passo 30:
  1  _  2  6
  4  9  5  3
  8 14 11  7
 12 10 13 15

Passo 31:
  1  2  _  6
  4  9  5  3
  8 14 11  7
 12 10 13 15

Passo 32:
  1  2  6  _
  4  9  5  3
  8 14 11  7
 12 10 13 15

Passo 33:
  1  2  6  3
  4  9  5  _
  8 14 11  7
 12 10 13 15

Passo 34:
  1  2  6  3
  4  9  5  7
  8 14 11  _
 12 10 13 15

Passo 35:
  1  2  6  3
  4  9  5  7
  8 14  _ 11
 12 10 13 15

Passo 36:
  1  2  6  3
  4  9  5  7
  8  _ 14 11
 12 10 13 15

Passo 37:
  1  2  6  3
  4  9  5  7
  8 10 14 11
 12  _ 13 15

Passo 38:
  1  2  6  3
  4  9  5  7
  8 10 14 11
 12 13  _ 15

Passo 39:
  1  2  6  3
  4  9  5  7
  8 10  _ 11
 12 13 14 15

Passo 40:
  1  2  6  3
  4  9  5  7
  8  _ 10 11
 12 13 14 15

Passo 41:
  1  2  6  3
  4  _  5  7
  8  9 10 11
 12 13 14 15

Passo 42:
  1  2  6  3
  4  5  _  7
  8  9 10 11
 12 13 14 15

Passo 43:
  1  2  _  3
  4  5  6  7
  8  9 10 11
 12 13 14 15

Passo 44:
  1  _  2  3
  4  5  6  7
  8  9 10 11
 12 13 14 15

Passo 45:
  _  1  2  3
  4  5  6  7
  8  9 10 11
 12 13 14 15

