Algoritmo  : idastar_15p
Instancia  : 90
Heuristica : Manhattan + Conflito Linear
Status     : RESOLVIDO
Profundidade otima: 50 movimentos
Nos expandidos    : 727070
Tempo             : 549.97 ms

--- Solucao Otima Passo a Passo ---

Estado inicial:
  5  4  7  1
 11 12 14 15
 10 13  8  6
  2  _  9  3

Passo 1:
  5  4  7  1
 11 12 14 15
 10  _  8  6
  2 13  9  3

Passo 2:
  5  4  7  1
 11  _ 14 15
 10 12  8  6
  2 13  9  3

Passo 3:
  5  4  7  1
  _ 11 14 15
 10 12  8  6
  2 13  9  3

Passo 4:
  5  4  7  1
 10 11 14 15
  _ 12  8  6
  2 13  9  3

Passo 5:
  5  4  7  1
 10 11 14 15
 12  _  8  6
  2 13  9  3

Passo 6:
  5  4  7  1
 10 11 14 15
 12  8  _  6
  2 13  9  3

Passo 7:
  5  4  7  1
 10 11  _ 15
 12  8 14  6
  2 13  9  3

Passo 8:
  5  4  7  1
 10 11 15  _
 12  8 14  6
  2 13  9  3

Passo 9:
  5  4  7  1
 10 11 15  6
 12  8 14  _
  2 13  9  3

Passo 10:
  5  4  7  1
 10 11 15  6
 12  8  _ 14
  2 13  9  3

Passo 11:
  5  4  7  1
 10 11 15  6
 12  8  9 14
  2 13  _  3

Passo 12:
  5  4  7  1
 10 11 15  6
 12  8  9 14
  2  _ 13  3

Passo 13:
  5  4  7  1
 10 11 15  6
 12  8  9 14
  _  2 13  3

Passo 14:
  5  4  7  1
 10 11 15  6
  _  8  9 14
 12  2 13  3

Passo 15:
  5  4  7  1
 10 11 15  6
  8  _  9 14
 12  2 13  3

Passo 16:
  5  4  7  1
 10 11 15  6
  8  9  _ 14
 12  2 13  3

Passo 17:
  5  4  7  1
 10 11  _  6
  8  9 15 14
 12  2 13  3

Passo 18:
  5  4  7  1
 10  _ 11  6
  8  9 15 14
 12  2 13  3

Passo 19:
  5  4  7  1
  _ 10 11  6
  8  9 15 14
 12  2 13  3

Passo 20:
  5  4  7  1
  8 10 11  6
  _  9 15 14
 12  2 13  3

Passo 21:
  5  4  7  1
  8 10 11  6
  9  _ 15 14
 12  2 13  3

Passo 22:
  5  4  7  1
  8 10 11  6
  9  2 15 14
 12  _ 13  3

Passo 23:
  5  4  7  1
  8 10 11  6
  9  2 15 14
 12 13  _  3

Passo 24:
  5  4  7  1
  8 10 11  6
  9  2  _ 14
 12 13 15  3

Passo 25:
  5  4  7  1
  8 10 11  6
  9  2 14  _
 12 13 15  3

Passo 26:
  5  4  7  1
  8 10 11  6
  9  2 14  3
 12 13 15  _

Passo 27:
  5  4  7  1
  8 10 11  6
  9  2 14  3
 12 13  _ 15

Passo 28:
  5  4  7  1
  8 10 11  6
  9  2  _  3
 12 13 14 15

Passo 29:
  5  4  7  1
  8 10  _  6
  9  2 11  3
 12 13 14 15

Passo 30:
  5  4  7  1
  8 10  6  _
  9  2 11  3
 12 13 14 15

Passo 31:
  5  4  7  1
  8 10  6  3
  9  2 11  _
 12 13 14 15

Passo 32:
  5  4  7  1
  8 10  6  3
  9  2  _ 11
 12 13 14 15

Passo 33:
  5  4  7  1
  8 10  6  3
  9  _  2 11
 12 13 14 15

Passo 34:
  5  4  7  1
  8  _  6  3
  9 10  2 11
 12 13 14 15

Passo 35:
  5  4  7  1
  8  6  _  3
  9 10  2 11
 12 13 14 15

Passo 36:
  5  4  _  1
  8  6  7  3
  9 10  2 11
 12 13 14 15

Passo 37:
  5  4  1  _
  8  6  7  3
  9 10  2 11
 12 13 14 15

Passo 38:
  5  4  1  3
  8  6  7  _
  9 10  2 11
 12 13 14 15

Passo 39:
  5  4  1  3
  8  6  _  7
  9 10  2 11
 12 13 14 15

Passo 40:
  5  4  1  3
  8  6  2  7
  9 10  _ 11
 12 13 14 15

Passo 41:
  5  4  1  3
  8  6  2  7
  9  _ 10 11
 12 13 14 15

Passo 42:
  5  4  1  3
  8  6  2  7
  _  9 10 11
 12 13 14 15

Passo 43:
  5  4  1  3
  _  6  2  7
  8  9 10 11
 12 13 14 15

Passo 44:
  _  4  1  3
  5  6  2  7
  8  9 10 11
 12 13 14 15

Passo 45:
  4  _  1  3
  5  6  2  7
  8  9 10 11
 12 13 14 15

Passo 46:
  4  1  _  3
  5  6  2  7
  8  9 10 11
 12 13 14 15

Passo 47:
  4  1  2  3
  5  6  _  7
  8  9 10 11
 12 13 14 15

Passo 48:
  4  1  2  3
  5  _  6  7
  8  9 10 11
 12 13 14 15

Passo 49:
  4  1  2  3
  _  5  6  7
  8  9 10 11
 12 13 14 15

Passo 50:
  _  1  2  3
  4  5  6  7
  8  9 10 11
 12 13 14 15

