Algoritmo  : idastar_15p
Instancia  : 33
Heuristica : Manhattan + Conflito Linear
Status     : RESOLVIDO
Profundidade otima: 60 movimentos
Nos expandidos    : 17643455
Tempo             : 9521.58 ms

--- Solucao Otima Passo a Passo ---

Estado inicial:
 14  3  5 15
 11  6 13  9
  _ 10  2 12
  4  1  7  8

Passo 1:
 14  3  5 15
  _  6 13  9
 11 10  2 12
  4  1  7  8

Passo 2:
 14  3  5 15
  6  _ 13  9
 11 10  2 12
  4  1  7  8

Passo 3:
 14  3  5 15
  6 10 13  9
 11  _  2 12
  4  1  7  8

Passo 4:
 14  3  5 15
  6 10 13  9
 11  2  _ 12
  4  1  7  8

Passo 5:
 14  3  5 15
  6 10 13  9
 11  2  7 12
  4  1  _  8

Passo 6:
 14  3  5 15
  6 10 13  9
 11  2  7 12
  4  1  8  _

Passo 7:
 14  3  5 15
  6 10 13  9
 11  2  7  _
  4  1  8 12

Passo 8:
 14  3  5 15
  6 10 13  _
 11  2  7  9
  4  1  8 12

Passo 9:
 14  3  5 15
  6 10  _ 13
 11  2  7  9
  4  1  8 12

Passo 10:
 14  3  _ 15
  6 10  5 13
 11  2  7  9
  4  1  8 12

Passo 11:
 14  _  3 15
  6 10  5 13
 11  2  7  9
  4  1  8 12

Passo 12:
 14 10  3 15
  6  _  5 13
 11  2  7  9
  4  1  8 12

Passo 13:
 14 10  3 15
  6  2  5 13
 11  _  7  9
  4  1  8 12

Passo 14:
 14 10  3 15
  6  2  5 13
 11  1  7  9
  4  _  8 12

Passo 15:
 14 10  3 15
  6  2  5 13
 11  1  7  9
  4  8  _ 12

Passo 16:
 14 10  3 15
  6  2  5 13
 11  1  7  9
  4  8 12  _

Passo 17:
 14 10  3 15
  6  2  5 13
 11  1  7  _
  4  8 12  9

Passo 18:
 14 10  3 15
  6  2  5  _
 11  1  7 13
  4  8 12  9

Passo 19:
 14 10  3  _
  6  2  5 15
 11  1  7 13
  4  8 12  9

Passo 20:
 14 10  _  3
  6  2  5 15
 11  1  7 13
  4  8 12  9

Passo 21:
 14  _ 10  3
  6  2  5 15
 11  1  7 13
  4  8 12  9

Passo 22:
 14  2 10  3
  6  _  5 15
 11  1  7 13
  4  8 12  9

Passo 23:
 14  2 10  3
  _  6  5 15
 11  1  7 13
  4  8 12  9

Passo 24:
  _  2 10  3
 14  6  5 15
 11  1  7 13
  4  8 12  9

Passo 25:
  2  _ 10  3
 14  6  5 15
 11  1  7 13
  4  8 12  9

Passo 26:
  2  6 10  3
 14  _  5 15
 11  1  7 13
  4  8 12  9

Passo 27:
  2  6 10  3
 14  1  5 15
 11  _  7 13
  4  8 12  9

Passo 28:
  2  6 10  3
 14  1  5 15
  _ 11  7 13
  4  8 12  9

Passo 29:
  2  6 10  3
  _  1  5 15
 14 11  7 13
  4  8 12  9

Passo 30:
  2  6 10  3
  1  _  5 15
 14 11  7 13
  4  8 12  9

Passo 31:
  2  6 10  3
  1  5  _ 15
 14 11  7 13
  4  8 12  9

Passo 32:
  2  6 10  3
  1  5  7 15
 14 11  _ 13
  4  8 12  9

Passo 33:
  2  6 10  3
  1  5  7 15
 14  _ 11 13
  4  8 12  9

Passo 34:
  2  6 10  3
  1  5  7 15
  _ 14 11 13
  4  8 12  9

Passo 35:
  2  6 10  3
  1  5  7 15
  4 14 11 13
  _  8 12  9

Passo 36:
  2  6 10  3
  1  5  7 15
  4 14 11 13
  8  _ 12  9

Passo 37:
  2  6 10  3
  1  5  7 15
  4 14 11 13
  8 12  _  9

Passo 38:
  2  6 10  3
  1  5  7 15
  4 14 11 13
  8 12  9  _

Passo 39:
  2  6 10  3
  1  5  7 15
  4 14 11  _
  8 12  9 13

Passo 40:
  2  6 10  3
  1  5  7  _
  4 14 11 15
  8 12  9 13

Passo 41:
  2  6 10  3
  1  5  _  7
  4 14 11 15
  8 12  9 13

Passo 42:
  2  6  _  3
  1  5 10  7
  4 14 11 15
  8 12  9 13

Passo 43:
  2  _  6  3
  1  5 10  7
  4 14 11 15
  8 12  9 13

Passo 44:
  _  2  6  3
  1  5 10  7
  4 14 11 15
  8 12  9 13

Passo 45:
  1  2  6  3
  _  5 10  7
  4 14 11 15
  8 12  9 13

Passo 46:
  1  2  6  3
  4  5 10  7
  _ 14 11 15
  8 12  9 13

Passo 47:
  1  2  6  3
  4  5 10  7
  8 14 11 15
  _ 12  9 13

Passo 48:
  1  2  6  3
  4  5 10  7
  8 14 11 15
 12  _  9 13

Passo 49:
  1  2  6  3
  4  5 10  7
  8 14 11 15
 12  9  _ 13

Passo 50:
  1  2  6  3
  4  5 10  7
  8 14 11 15
 12  9 13  _

Passo 51:
  1  2  6  3
  4  5 10  7
  8 14 11  _
 12  9 13 15

Passo 52:
  1  2  6  3
  4  5 10  7
  8 14  _ 11
 12  9 13 15

Passo 53:
  1  2  6  3
  4  5 10  7
  8  _ 14 11
 12  9 13 15

Passo 54:
  1  2  6  3
  4  5 10  7
  8  9 14 11
 12  _ 13 15

Passo 55:
  1  2  6  3
  4  5 10  7
  8  9 14 11
 12 13  _ 15

Passo 56:
  1  2  6  3
  4  5 10  7
  8  9  _ 11
 12 13 14 15

Passo 57:
  1  2  6  3
  4  5  _  7
  8  9 10 11
 12 13 14 15

Passo 58:
  1  2  _  3
  4  5  6  7
  8  9 10 11
 12 13 14 15

Passo 59:
  1  _  2  3
  4  5  6  7
  8  9 10 11
 12 13 14 15

Passo 60:
  _  1  2  3
  4  5  6  7
  8  9 10 11
 12 13 14 15

