Algoritmo  : astar_15p
Instancia  : 19
Heuristica : Manhattan + Conflito Linear
Status     : RESOLVIDO
Profundidade otima: 46 movimentos
Nos expandidos    : 229907
Tempo             : 724.45 ms

--- Solucao Otima Passo a Passo ---

Estado inicial:
  7 11  8  3
 14  _  6 15
  1  4 13  9
  5 12  2 10

Passo 1:
  7  _  8  3
 14 11  6 15
  1  4 13  9
  5 12  2 10

Passo 2:
  7  8  _  3
 14 11  6 15
  1  4 13  9
  5 12  2 10

Passo 3:
  7  8  6  3
 14 11  _ 15
  1  4 13  9
  5 12  2 10

Passo 4:
  7  8  6  3
 14  _ 11 15
  1  4 13  9
  5 12  2 10

Passo 5:
  7  8  6  3
  _ 14 11 15
  1  4 13  9
  5 12  2 10

Passo 6:
  7  8  6  3
  1 14 11 15
  _  4 13  9
  5 12  2 10

Passo 7:
  7  8  6  3
  1 14 11 15
  4  _ 13  9
  5 12  2 10

Passo 8:
  7  8  6  3
  1  _ 11 15
  4 14 13  9
  5 12  2 10

Passo 9:
  7  _  6  3
  1  8 11 15
  4 14 13  9
  5 12  2 10

Passo 10:
  _  7  6  3
  1  8 11 15
  4 14 13  9
  5 12  2 10

Passo 11:
  1  7  6  3
  _  8 11 15
  4 14 13  9
  5 12  2 10

Passo 12:
  1  7  6  3
  4  8 11 15
  _ 14 13  9
  5 12  2 10

Passo 13:
  1  7  6  3
  4  8 11 15
  5 14 13  9
  _ 12  2 10

Passo 14:
  1  7  6  3
  4  8 11 15
  5 14 13  9
 12  _  2 10

Passo 15:
  1  7  6  3
  4  8 11 15
  5  _ 13  9
 12 14  2 10

Passo 16:
  1  7  6  3
  4  8 11 15
  5 13  _  9
 12 14  2 10

Passo 17:
  1  7  6  3
  4  8 11 15
  5 13  2  9
 12 14  _ 10

Passo 18:
  1  7  6  3
  4  8 11 15
  5 13  2  9
 12 14 10  _

Passo 19:
  1  7  6  3
  4  8 11 15
  5 13  2  _
 12 14 10  9

Passo 20:
  1  7  6  3
  4  8 11  _
  5 13  2 15
 12 14 10  9

Passo 21:
  1  7  6  3
  4  8  _ 11
  5 13  2 15
 12 14 10  9

Passo 22:
  1  7  6  3
  4  8  2 11
  5 13  _ 15
 12 14 10  9

Passo 23:
  1  7  6  3
  4  8  2 11
  5 13 10 15
 12 14  _  9

Passo 24:
  1  7  6  3
  4  8  2 11
  5 13 10 15
 12 14  9  _

Passo 25:
  1  7  6  3
  4  8  2 11
  5 13 10  _
 12 14  9 15

Passo 26:
  1  7  6  3
  4  8  2 11
  5 13  _ 10
 12 14  9 15

Passo 27:
  1  7  6  3
  4  8  2 11
  5 13  9 10
 12 14  _ 15

Passo 28:
  1  7  6  3
  4  8  2 11
  5 13  9 10
 12  _ 14 15

Passo 29:
  1  7  6  3
  4  8  2 11
  5  _  9 10
 12 13 14 15

Passo 30:
  1  7  6  3
  4  _  2 11
  5  8  9 10
 12 13 14 15

Passo 31:
  1  _  6  3
  4  7  2 11
  5  8  9 10
 12 13 14 15

Passo 32:
  1  6  _  3
  4  7  2 11
  5  8  9 10
 12 13 14 15

Passo 33:
  1  6  2  3
  4  7  _ 11
  5  8  9 10
 12 13 14 15

Passo 34:
  1  6  2  3
  4  _  7 11
  5  8  9 10
 12 13 14 15

Passo 35:
  1  _  2  3
  4  6  7 11
  5  8  9 10
 12 13 14 15

Passo 36:
  _  1  2  3
  4  6  7 11
  5  8  9 10
 12 13 14 15

Passo 37:
  4  1  2  3
  _  6  7 11
  5  8  9 10
 12 13 14 15

Passo 38:
  4  1  2  3
  5  6  7 11
  _  8  9 10
 12 13 14 15

Passo 39:
  4  1  2  3
  5  6  7 11
  8  _  9 10
 12 13 14 15

Passo 40:
  4  1  2  3
  5  6  7 11
  8  9  _ 10
 12 13 14 15

Passo 41:
  4  1  2  3
  5  6  7 11
  8  9 10  _
 12 13 14 15

Passo 42:
  4  1  2  3
  5  6  7  _
  8  9 10 11
 12 13 14 15

Passo 43:
  4  1  2  3
  5  6  _  7
  8  9 10 11
 12 13 14 15

Passo 44:
  4  1  2  3
  5  _  6  7
  8  9 10 11
 12 13 14 15

Passo 45:
  4  1  2  3
  _  5  6  7
  8  9 10 11
 12 13 14 15

Passo 46:
  _  1  2  3
  4  5  6  7
  8  9 10 11
 12 13 14 15

