Algoritmo  : astar_15p
Instancia  : 13
Heuristica : Manhattan + Conflito Linear
Status     : RESOLVIDO
Profundidade otima: 46 movimentos
Nos expandidos    : 314006
Tempo             : 1715.50 ms

--- Solucao Otima Passo a Passo ---

Estado inicial:
  3  6  5  2
 10  _ 15 14
  1  4 13 12
  9  8 11  7

Passo 1:
  3  6  5  2
  _ 10 15 14
  1  4 13 12
  9  8 11  7

Passo 2:
  3  6  5  2
  1 10 15 14
  _  4 13 12
  9  8 11  7

Passo 3:
  3  6  5  2
  1 10 15 14
  4  _ 13 12
  9  8 11  7

Passo 4:
  3  6  5  2
  1 10 15 14
  4 13  _ 12
  9  8 11  7

Passo 5:
  3  6  5  2
  1 10 15 14
  4 13 12  _
  9  8 11  7

Passo 6:
  3  6  5  2
  1 10 15 14
  4 13 12  7
  9  8 11  _

Passo 7:
  3  6  5  2
  1 10 15 14
  4 13 12  7
  9  8  _ 11

Passo 8:
  3  6  5  2
  1 10 15 14
  4 13  _  7
  9  8 12 11

Passo 9:
  3  6  5  2
  1 10 15 14
  4  _ 13  7
  9  8 12 11

Passo 10:
  3  6  5  2
  1 10 15 14
  4  8 13  7
  9  _ 12 11

Passo 11:
  3  6  5  2
  1 10 15 14
  4  8 13  7
  9 12  _ 11

Passo 12:
  3  6  5  2
  1 10 15 14
  4  8  _  7
  9 12 13 11

Passo 13:
  3  6  5  2
  1 10  _ 14
  4  8 15  7
  9 12 13 11

Passo 14:
  3  6  _  2
  1 10  5 14
  4  8 15  7
  9 12 13 11

Passo 15:
  3  _  6  2
  1 10  5 14
  4  8 15  7
  9 12 13 11

Passo 16:
  _  3  6  2
  1 10  5 14
  4  8 15  7
  9 12 13 11

Passo 17:
  1  3  6  2
  _ 10  5 14
  4  8 15  7
  9 12 13 11

Passo 18:
  1  3  6  2
  4 10  5 14
  _  8 15  7
  9 12 13 11

Passo 19:
  1  3  6  2
  4 10  5 14
  8  _ 15  7
  9 12 13 11

Passo 20:
  1  3  6  2
  4  _  5 14
  8 10 15  7
  9 12 13 11

Passo 21:
  1  3  6  2
  4  5  _ 14
  8 10 15  7
  9 12 13 11

Passo 22:
  1  3  6  2
  4  5 14  _
  8 10 15  7
  9 12 13 11

Passo 23:
  1  3  6  _
  4  5 14  2
  8 10 15  7
  9 12 13 11

Passo 24:
  1  3  _  6
  4  5 14  2
  8 10 15  7
  9 12 13 11

Passo 25:
  1  _  3  6
  4  5 14  2
  8 10 15  7
  9 12 13 11

Passo 26:
  _  1  3  6
  4  5 14  2
  8 10 15  7
  9 12 13 11

Passo 27:
  4  1  3  6
  _  5 14  2
  8 10 15  7
  9 12 13 11

Passo 28:
  4  1  3  6
  8  5 14  2
  _ 10 15  7
  9 12 13 11

Passo 29:
  4  1  3  6
  8  5 14  2
  9 10 15  7
  _ 12 13 11

Passo 30:
  4  1  3  6
  8  5 14  2
  9 10 15  7
 12  _ 13 11

Passo 31:
  4  1  3  6
  8  5 14  2
  9 10 15  7
 12 13  _ 11

Passo 32:
  4  1  3  6
  8  5 14  2
  9 10  _  7
 12 13 15 11

Passo 33:
  4  1  3  6
  8  5  _  2
  9 10 14  7
 12 13 15 11

Passo 34:
  4  1  3  6
  8  5  2  _
  9 10 14  7
 12 13 15 11

Passo 35:
  4  1  3  _
  8  5  2  6
  9 10 14  7
 12 13 15 11

Passo 36:
  4  1  _  3
  8  5  2  6
  9 10 14  7
 12 13 15 11

Passo 37:
  4  1  2  3
  8  5  _  6
  9 10 14  7
 12 13 15 11

Passo 38:
  4  1  2  3
  8  5  6  _
  9 10 14  7
 12 13 15 11

Passo 39:
  4  1  2  3
  8  5  6  7
  9 10 14  _
 12 13 15 11

Passo 40:
  4  1  2  3
  8  5  6  7
  9 10 14 11
 12 13 15  _

Passo 41:
  4  1  2  3
  8  5  6  7
  9 10 14 11
 12 13  _ 15

Passo 42:
  4  1  2  3
  8  5  6  7
  9 10  _ 11
 12 13 14 15

Passo 43:
  4  1  2  3
  8  5  6  7
  9  _ 10 11
 12 13 14 15

Passo 44:
  4  1  2  3
  8  5  6  7
  _  9 10 11
 12 13 14 15

Passo 45:
  4  1  2  3
  _  5  6  7
  8  9 10 11
 12 13 14 15

Passo 46:
  _  1  2  3
  4  5  6  7
  8  9 10 11
 12 13 14 15

