Algoritmo  : astar_15p
Instancia  : 90
Heuristica : Manhattan + Conflito Linear
Status     : RESOLVIDO
Profundidade otima: 50 movimentos
Nos expandidos    : 465174
Tempo             : 3380.41 ms

--- Solucao Otima Passo a Passo ---

Estado inicial:
  5  4  7  1
 11 12 14 15
 10 13  8  6
  2  _  9  3

Passo 1:
  5  4  7  1
 11 12 14 15
 10  _  8  6
  2 13  9  3

Passo 2:
  5  4  7  1
 11 12 14 15
  _ 10  8  6
  2 13  9  3

Passo 3:
  5  4  7  1
  _ 12 14 15
 11 10  8  6
  2 13  9  3

Passo 4:
  5  4  7  1
 12  _ 14 15
 11 10  8  6
  2 13  9  3

Passo 5:
  5  4  7  1
 12 10 14 15
 11  _  8  6
  2 13  9  3

Passo 6:
  5  4  7  1
 12 10 14 15
 11  8  _  6
  2 13  9  3

Passo 7:
  5  4  7  1
 12 10  _ 15
 11  8 14  6
  2 13  9  3

Passo 8:
  5  4  7  1
 12 10 15  _
 11  8 14  6
  2 13  9  3

Passo 9:
  5  4  7  1
 12 10 15  6
 11  8 14  _
  2 13  9  3

Passo 10:
  5  4  7  1
 12 10 15  6
 11  8  _ 14
  2 13  9  3

Passo 11:
  5  4  7  1
 12 10  _  6
 11  8 15 14
  2 13  9  3

Passo 12:
  5  4  7  1
 12  _ 10  6
 11  8 15 14
  2 13  9  3

Passo 13:
  5  4  7  1
 12  8 10  6
 11  _ 15 14
  2 13  9  3

Passo 14:
  5  4  7  1
 12  8 10  6
  _ 11 15 14
  2 13  9  3

Passo 15:
  5  4  7  1
 12  8 10  6
  2 11 15 14
  _ 13  9  3

Passo 16:
  5  4  7  1
 12  8 10  6
  2 11 15 14
 13  _  9  3

Passo 17:
  5  4  7  1
 12  8 10  6
  2 11 15 14
 13  9  _  3

Passo 18:
  5  4  7  1
 12  8 10  6
  2 11  _ 14
 13  9 15  3

Passo 19:
  5  4  7  1
 12  8 10  6
  2 11 14  _
 13  9 15  3

Passo 20:
  5  4  7  1
 12  8 10  6
  2 11 14  3
 13  9 15  _

Passo 21:
  5  4  7  1
 12  8 10  6
  2 11 14  3
 13  9  _ 15

Passo 22:
  5  4  7  1
 12  8 10  6
  2 11  _  3
 13  9 14 15

Passo 23:
  5  4  7  1
 12  8 10  6
  2  _ 11  3
 13  9 14 15

Passo 24:
  5  4  7  1
 12  8 10  6
  _  2 11  3
 13  9 14 15

Passo 25:
  5  4  7  1
  _  8 10  6
 12  2 11  3
 13  9 14 15

Passo 26:
  5  4  7  1
  8  _ 10  6
 12  2 11  3
 13  9 14 15

Passo 27:
  5  4  7  1
  8 10  _  6
 12  2 11  3
 13  9 14 15

Passo 28:
  5  4  7  1
  8 10  6  _
 12  2 11  3
 13  9 14 15

Passo 29:
  5  4  7  1
  8 10  6  3
 12  2 11  _
 13  9 14 15

Passo 30:
  5  4  7  1
  8 10  6  3
 12  2  _ 11
 13  9 14 15

Passo 31:
  5  4  7  1
  8 10  6  3
 12  _  2 11
 13  9 14 15

Passo 32:
  5  4  7  1
  8  _  6  3
 12 10  2 11
 13  9 14 15

Passo 33:
  5  4  7  1
  8  6  _  3
 12 10  2 11
 13  9 14 15

Passo 34:
  5  4  _  1
  8  6  7  3
 12 10  2 11
 13  9 14 15

Passo 35:
  5  4  1  _
  8  6  7  3
 12 10  2 11
 13  9 14 15

Passo 36:
  5  4  1  3
  8  6  7  _
 12 10  2 11
 13  9 14 15

Passo 37:
  5  4  1  3
  8  6  _  7
 12 10  2 11
 13  9 14 15

Passo 38:
  5  4  1  3
  8  6  2  7
 12 10  _ 11
 13  9 14 15

Passo 39:
  5  4  1  3
  8  6  2  7
 12  _ 10 11
 13  9 14 15

Passo 40:
  5  4  1  3
  8  6  2  7
 12  9 10 11
 13  _ 14 15

Passo 41:
  5  4  1  3
  8  6  2  7
 12  9 10 11
  _ 13 14 15

Passo 42:
  5  4  1  3
  8  6  2  7
  _  9 10 11
 12 13 14 15

Passo 43:
  5  4  1  3
  _  6  2  7
  8  9 10 11
 12 13 14 15

Passo 44:
  _  4  1  3
  5  6  2  7
  8  9 10 11
 12 13 14 15

Passo 45:
  4  _  1  3
  5  6  2  7
  8  9 10 11
 12 13 14 15

Passo 46:
  4  1  _  3
  5  6  2  7
  8  9 10 11
 12 13 14 15

Passo 47:
  4  1  2  3
  5  6  _  7
  8  9 10 11
 12 13 14 15

Passo 48:
  4  1  2  3
  5  _  6  7
  8  9 10 11
 12 13 14 15

Passo 49:
  4  1  2  3
  _  5  6  7
  8  9 10 11
 12 13 14 15

Passo 50:
  _  1  2  3
  4  5  6  7
  8  9 10 11
 12 13 14 15

