Algoritmo  : astar_15p
Instancia  : 83
Heuristica : Manhattan + Conflito Linear
Status     : RESOLVIDO
Profundidade otima: 49 movimentos
Nos expandidos    : 434378
Tempo             : 2154.40 ms

--- Solucao Otima Passo a Passo ---

Estado inicial:
 12  3  9  1
  4  5 10  2
  6 11 15  _
 14  7 13  8

Passo 1:
 12  3  9  1
  4  5 10  2
  6 11  _ 15
 14  7 13  8

Passo 2:
 12  3  9  1
  4  5 10  2
  6  _ 11 15
 14  7 13  8

Passo 3:
 12  3  9  1
  4  5 10  2
  6  7 11 15
 14  _ 13  8

Passo 4:
 12  3  9  1
  4  5 10  2
  6  7 11 15
 14 13  _  8

Passo 5:
 12  3  9  1
  4  5 10  2
  6  7 11 15
 14 13  8  _

Passo 6:
 12  3  9  1
  4  5 10  2
  6  7 11  _
 14 13  8 15

Passo 7:
 12  3  9  1
  4  5 10  2
  6  7  _ 11
 14 13  8 15

Passo 8:
 12  3  9  1
  4  5  _  2
  6  7 10 11
 14 13  8 15

Passo 9:
 12  3  _  1
  4  5  9  2
  6  7 10 11
 14 13  8 15

Passo 10:
 12  _  3  1
  4  5  9  2
  6  7 10 11
 14 13  8 15

Passo 11:
 12  5  3  1
  4  _  9  2
  6  7 10 11
 14 13  8 15

Passo 12:
 12  5  3  1
  4  7  9  2
  6  _ 10 11
 14 13  8 15

Passo 13:
 12  5  3  1
  4  7  9  2
  6 13 10 11
 14  _  8 15

Passo 14:
 12  5  3  1
  4  7  9  2
  6 13 10 11
 14  8  _ 15

Passo 15:
 12  5  3  1
  4  7  9  2
  6 13  _ 11
 14  8 10 15

Passo 16:
 12  5  3  1
  4  7  _  2
  6 13  9 11
 14  8 10 15

Passo 17:
 12  5  _  1
  4  7  3  2
  6 13  9 11
 14  8 10 15

Passo 18:
 12  5  1  _
  4  7  3  2
  6 13  9 11
 14  8 10 15

Passo 19:
 12  5  1  2
  4  7  3  _
  6 13  9 11
 14  8 10 15

Passo 20:
 12  5  1  2
  4  7  _  3
  6 13  9 11
 14  8 10 15

Passo 21:
 12  5  1  2
  4  _  7  3
  6 13  9 11
 14  8 10 15

Passo 22:
 12  5  1  2
  _  4  7  3
  6 13  9 11
 14  8 10 15

Passo 23:
  _  5  1  2
 12  4  7  3
  6 13  9 11
 14  8 10 15

Passo 24:
  5  _  1  2
 12  4  7  3
  6 13  9 11
 14  8 10 15

Passo 25:
  5  4  1  2
 12  _  7  3
  6 13  9 11
 14  8 10 15

Passo 26:
  5  4  1  2
 12 13  7  3
  6  _  9 11
 14  8 10 15

Passo 27:
  5  4  1  2
 12 13  7  3
  _  6  9 11
 14  8 10 15

Passo 28:
  5  4  1  2
  _ 13  7  3
 12  6  9 11
 14  8 10 15

Passo 29:
  _  4  1  2
  5 13  7  3
 12  6  9 11
 14  8 10 15

Passo 30:
  4  _  1  2
  5 13  7  3
 12  6  9 11
 14  8 10 15

Passo 31:
  4  1  _  2
  5 13  7  3
 12  6  9 11
 14  8 10 15

Passo 32:
  4  1  2  _
  5 13  7  3
 12  6  9 11
 14  8 10 15

Passo 33:
  4  1  2  3
  5 13  7  _
 12  6  9 11
 14  8 10 15

Passo 34:
  4  1  2  3
  5 13  _  7
 12  6  9 11
 14  8 10 15

Passo 35:
  4  1  2  3
  5 13  9  7
 12  6  _ 11
 14  8 10 15

Passo 36:
  4  1  2  3
  5 13  9  7
 12  _  6 11
 14  8 10 15

Passo 37:
  4  1  2  3
  5 13  9  7
 12  8  6 11
 14  _ 10 15

Passo 38:
  4  1  2  3
  5 13  9  7
 12  8  6 11
  _ 14 10 15

Passo 39:
  4  1  2  3
  5 13  9  7
  _  8  6 11
 12 14 10 15

Passo 40:
  4  1  2  3
  5 13  9  7
  8  _  6 11
 12 14 10 15

Passo 41:
  4  1  2  3
  5  _  9  7
  8 13  6 11
 12 14 10 15

Passo 42:
  4  1  2  3
  5  9  _  7
  8 13  6 11
 12 14 10 15

Passo 43:
  4  1  2  3
  5  9  6  7
  8 13  _ 11
 12 14 10 15

Passo 44:
  4  1  2  3
  5  9  6  7
  8 13 10 11
 12 14  _ 15

Passo 45:
  4  1  2  3
  5  9  6  7
  8 13 10 11
 12  _ 14 15

Passo 46:
  4  1  2  3
  5  9  6  7
  8  _ 10 11
 12 13 14 15

Passo 47:
  4  1  2  3
  5  _  6  7
  8  9 10 11
 12 13 14 15

Passo 48:
  4  1  2  3
  _  5  6  7
  8  9 10 11
 12 13 14 15

Passo 49:
  _  1  2  3
  4  5  6  7
  8  9 10 11
 12 13 14 15

