Algoritmo  : idastar_15p
Instancia  : 89
Heuristica : Manhattan + Conflito Linear
Status     : RESOLVIDO
Profundidade otima: 54 movimentos
Nos expandidos    : 17030713
Tempo             : 9108.12 ms

--- Solucao Otima Passo a Passo ---

Estado inicial:
 11  1  7  4
 10 13  3  8
  9 14  _ 15
  6  5  2 12

Passo 1:
 11  1  7  4
 10 13  3  8
  9 14  2 15
  6  5  _ 12

Passo 2:
 11  1  7  4
 10 13  3  8
  9 14  2 15
  6  5 12  _

Passo 3:
 11  1  7  4
 10 13  3  8
  9 14  2  _
  6  5 12 15

Passo 4:
 11  1  7  4
 10 13  3  _
  9 14  2  8
  6  5 12 15

Passo 5:
 11  1  7  4
 10 13  _  3
  9 14  2  8
  6  5 12 15

Passo 6:
 11  1  _  4
 10 13  7  3
  9 14  2  8
  6  5 12 15

Passo 7:
 11  1  4  _
 10 13  7  3
  9 14  2  8
  6  5 12 15

Passo 8:
 11  1  4  3
 10 13  7  _
  9 14  2  8
  6  5 12 15

Passo 9:
 11  1  4  3
 10 13  7  8
  9 14  2  _
  6  5 12 15

Passo 10:
 11  1  4  3
 10 13  7  8
  9 14  _  2
  6  5 12 15

Passo 11:
 11  1  4  3
 10 13  _  8
  9 14  7  2
  6  5 12 15

Passo 12:
 11  1  4  3
 10 13  8  _
  9 14  7  2
  6  5 12 15

Passo 13:
 11  1  4  3
 10 13  8  2
  9 14  7  _
  6  5 12 15

Passo 14:
 11  1  4  3
 10 13  8  2
  9 14  _  7
  6  5 12 15

Passo 15:
 11  1  4  3
 10 13  8  2
  9  _ 14  7
  6  5 12 15

Passo 16:
 11  1  4  3
 10 13  8  2
  9  5 14  7
  6  _ 12 15

Passo 17:
 11  1  4  3
 10 13  8  2
  9  5 14  7
  6 12  _ 15

Passo 18:
 11  1  4  3
 10 13  8  2
  9  5  _  7
  6 12 14 15

Passo 19:
 11  1  4  3
 10 13  8  2
  9  _  5  7
  6 12 14 15

Passo 20:
 11  1  4  3
 10  _  8  2
  9 13  5  7
  6 12 14 15

Passo 21:
 11  1  4  3
  _ 10  8  2
  9 13  5  7
  6 12 14 15

Passo 22:
  _  1  4  3
 11 10  8  2
  9 13  5  7
  6 12 14 15

Passo 23:
  1  _  4  3
 11 10  8  2
  9 13  5  7
  6 12 14 15

Passo 24:
  1 10  4  3
 11  _  8  2
  9 13  5  7
  6 12 14 15

Passo 25:
  1 10  4  3
  _ 11  8  2
  9 13  5  7
  6 12 14 15

Passo 26:
  1 10  4  3
  9 11  8  2
  _ 13  5  7
  6 12 14 15

Passo 27:
  1 10  4  3
  9 11  8  2
  6 13  5  7
  _ 12 14 15

Passo 28:
  1 10  4  3
  9 11  8  2
  6 13  5  7
 12  _ 14 15

Passo 29:
  1 10  4  3
  9 11  8  2
  6  _  5  7
 12 13 14 15

Passo 30:
  1 10  4  3
  9  _  8  2
  6 11  5  7
 12 13 14 15

Passo 31:
  1 10  4  3
  9  8  _  2
  6 11  5  7
 12 13 14 15

Passo 32:
  1 10  4  3
  9  8  5  2
  6 11  _  7
 12 13 14 15

Passo 33:
  1 10  4  3
  9  8  5  2
  6  _ 11  7
 12 13 14 15

Passo 34:
  1 10  4  3
  9  8  5  2
  _  6 11  7
 12 13 14 15

Passo 35:
  1 10  4  3
  _  8  5  2
  9  6 11  7
 12 13 14 15

Passo 36:
  1 10  4  3
  8  _  5  2
  9  6 11  7
 12 13 14 15

Passo 37:
  1  _  4  3
  8 10  5  2
  9  6 11  7
 12 13 14 15

Passo 38:
  1  4  _  3
  8 10  5  2
  9  6 11  7
 12 13 14 15

Passo 39:
  1  4  5  3
  8 10  _  2
  9  6 11  7
 12 13 14 15

Passo 40:
  1  4  5  3
  8 10  2  _
  9  6 11  7
 12 13 14 15

Passo 41:
  1  4  5  3
  8 10  2  7
  9  6 11  _
 12 13 14 15

Passo 42:
  1  4  5  3
  8 10  2  7
  9  6  _ 11
 12 13 14 15

Passo 43:
  1  4  5  3
  8 10  2  7
  9  _  6 11
 12 13 14 15

Passo 44:
  1  4  5  3
  8  _  2  7
  9 10  6 11
 12 13 14 15

Passo 45:
  1  _  5  3
  8  4  2  7
  9 10  6 11
 12 13 14 15

Passo 46:
  1  5  _  3
  8  4  2  7
  9 10  6 11
 12 13 14 15

Passo 47:
  1  5  2  3
  8  4  _  7
  9 10  6 11
 12 13 14 15

Passo 48:
  1  5  2  3
  8  4  6  7
  9 10  _ 11
 12 13 14 15

Passo 49:
  1  5  2  3
  8  4  6  7
  9  _ 10 11
 12 13 14 15

Passo 50:
  1  5  2  3
  8  4  6  7
  _  9 10 11
 12 13 14 15

Passo 51:
  1  5  2  3
  _  4  6  7
  8  9 10 11
 12 13 14 15

Passo 52:
  1  5  2  3
  4  _  6  7
  8  9 10 11
 12 13 14 15

Passo 53:
  1  _  2  3
  4  5  6  7
  8  9 10 11
 12 13 14 15

Passo 54:
  _  1  2  3
  4  5  6  7
  8  9 10 11
 12 13 14 15

