Algoritmo  : idastar_15p
Instancia  : 100
Heuristica : Manhattan + Conflito Linear
Status     : RESOLVIDO
Profundidade otima: 54 movimentos
Nos expandidos    : 34119126
Tempo             : 18096.01 ms

--- Solucao Otima Passo a Passo ---

Estado inicial:
 11  4  _  8
  6 10  5 13
 12  7 14  3
  1  2  9 15

Passo 1:
 11  4  5  8
  6 10  _ 13
 12  7 14  3
  1  2  9 15

Passo 2:
 11  4  5  8
  6 10 13  _
 12  7 14  3
  1  2  9 15

Passo 3:
 11  4  5  8
  6 10 13  3
 12  7 14  _
  1  2  9 15

Passo 4:
 11  4  5  8
  6 10 13  3
 12  7  _ 14
  1  2  9 15

Passo 5:
 11  4  5  8
  6 10  _  3
 12  7 13 14
  1  2  9 15

Passo 6:
 11  4  _  8
  6 10  5  3
 12  7 13 14
  1  2  9 15

Passo 7:
 11  4  8  _
  6 10  5  3
 12  7 13 14
  1  2  9 15

Passo 8:
 11  4  8  3
  6 10  5  _
 12  7 13 14
  1  2  9 15

Passo 9:
 11  4  8  3
  6 10  _  5
 12  7 13 14
  1  2  9 15

Passo 10:
 11  4  8  3
  6  _ 10  5
 12  7 13 14
  1  2  9 15

Passo 11:
 11  _  8  3
  6  4 10  5
 12  7 13 14
  1  2  9 15

Passo 12:
  _ 11  8  3
  6  4 10  5
 12  7 13 14
  1  2  9 15

Passo 13:
  6 11  8  3
  _  4 10  5
 12  7 13 14
  1  2  9 15

Passo 14:
  6 11  8  3
  4  _ 10  5
 12  7 13 14
  1  2  9 15

Passo 15:
  6  _  8  3
  4 11 10  5
 12  7 13 14
  1  2  9 15

Passo 16:
  6  8  _  3
  4 11 10  5
 12  7 13 14
  1  2  9 15

Passo 17:
  6  8 10  3
  4 11  _  5
 12  7 13 14
  1  2  9 15

Passo 18:
  6  8 10  3
  4  _ 11  5
 12  7 13 14
  1  2  9 15

Passo 19:
  6  _ 10  3
  4  8 11  5
 12  7 13 14
  1  2  9 15

Passo 20:
  _  6 10  3
  4  8 11  5
 12  7 13 14
  1  2  9 15

Passo 21:
  4  6 10  3
  _  8 11  5
 12  7 13 14
  1  2  9 15

Passo 22:
  4  6 10  3
  8  _ 11  5
 12  7 13 14
  1  2  9 15

Passo 23:
  4  6 10  3
  8  7 11  5
 12  _ 13 14
  1  2  9 15

Passo 24:
  4  6 10  3
  8  7 11  5
 12  2 13 14
  1  _  9 15

Passo 25:
  4  6 10  3
  8  7 11  5
 12  2 13 14
  1  9  _ 15

Passo 26:
  4  6 10  3
  8  7 11  5
 12  2  _ 14
  1  9 13 15

Passo 27:
  4  6 10  3
  8  7 11  5
 12  2 14  _
  1  9 13 15

Passo 28:
  4  6 10  3
  8  7 11  _
 12  2 14  5
  1  9 13 15

Passo 29:
  4  6 10  3
  8  7  _ 11
 12  2 14  5
  1  9 13 15

Passo 30:
  4  6 10  3
  8  _  7 11
 12  2 14  5
  1  9 13 15

Passo 31:
  4  6 10  3
  8  2  7 11
 12  _ 14  5
  1  9 13 15

Passo 32:
  4  6 10  3
  8  2  7 11
 12  9 14  5
  1  _ 13 15

Passo 33:
  4  6 10  3
  8  2  7 11
 12  9 14  5
  _  1 13 15

Passo 34:
  4  6 10  3
  8  2  7 11
  _  9 14  5
 12  1 13 15

Passo 35:
  4  6 10  3
  8  2  7 11
  9  _ 14  5
 12  1 13 15

Passo 36:
  4  6 10  3
  8  2  7 11
  9  1 14  5
 12  _ 13 15

Passo 37:
  4  6 10  3
  8  2  7 11
  9  1 14  5
 12 13  _ 15

Passo 38:
  4  6 10  3
  8  2  7 11
  9  1  _  5
 12 13 14 15

Passo 39:
  4  6 10  3
  8  2  7 11
  9  1  5  _
 12 13 14 15

Passo 40:
  4  6 10  3
  8  2  7  _
  9  1  5 11
 12 13 14 15

Passo 41:
  4  6 10  3
  8  2  _  7
  9  1  5 11
 12 13 14 15

Passo 42:
  4  6  _  3
  8  2 10  7
  9  1  5 11
 12 13 14 15

Passo 43:
  4  _  6  3
  8  2 10  7
  9  1  5 11
 12 13 14 15

Passo 44:
  4  2  6  3
  8  _ 10  7
  9  1  5 11
 12 13 14 15

Passo 45:
  4  2  6  3
  8  1 10  7
  9  _  5 11
 12 13 14 15

Passo 46:
  4  2  6  3
  8  1 10  7
  9  5  _ 11
 12 13 14 15

Passo 47:
  4  2  6  3
  8  1  _  7
  9  5 10 11
 12 13 14 15

Passo 48:
  4  2  _  3
  8  1  6  7
  9  5 10 11
 12 13 14 15

Passo 49:
  4  _  2  3
  8  1  6  7
  9  5 10 11
 12 13 14 15

Passo 50:
  4  1  2  3
  8  _  6  7
  9  5 10 11
 12 13 14 15

Passo 51:
  4  1  2  3
  8  5  6  7
  9  _ 10 11
 12 13 14 15

Passo 52:
  4  1  2  3
  8  5  6  7
  _  9 10 11
 12 13 14 15

Passo 53:
  4  1  2  3
  _  5  6  7
  8  9 10 11
 12 13 14 15

Passo 54:
  _  1  2  3
  4  5  6  7
  8  9 10 11
 12 13 14 15

