Algoritmo  : idastar_15p
Instancia  : 75
Heuristica : Manhattan + Conflito Linear
Status     : RESOLVIDO
Profundidade otima: 48 movimentos
Nos expandidos    : 6399054
Tempo             : 3532.07 ms

--- Solucao Otima Passo a Passo ---

Estado inicial:
 14  4  _ 10
  6  5  1  3
  9  2 13 15
 12  7  8 11

Passo 1:
 14  4  1 10
  6  5  _  3
  9  2 13 15
 12  7  8 11

Passo 2:
 14  4  1 10
  6  5 13  3
  9  2  _ 15
 12  7  8 11

Passo 3:
 14  4  1 10
  6  5 13  3
  9  _  2 15
 12  7  8 11

Passo 4:
 14  4  1 10
  6  _ 13  3
  9  5  2 15
 12  7  8 11

Passo 5:
 14  4  1 10
  _  6 13  3
  9  5  2 15
 12  7  8 11

Passo 6:
  _  4  1 10
 14  6 13  3
  9  5  2 15
 12  7  8 11

Passo 7:
  4  _  1 10
 14  6 13  3
  9  5  2 15
 12  7  8 11

Passo 8:
  4  6  1 10
 14  _ 13  3
  9  5  2 15
 12  7  8 11

Passo 9:
  4  6  1 10
  _ 14 13  3
  9  5  2 15
 12  7  8 11

Passo 10:
  4  6  1 10
  9 14 13  3
  _  5  2 15
 12  7  8 11

Passo 11:
  4  6  1 10
  9 14 13  3
  5  _  2 15
 12  7  8 11

Passo 12:
  4  6  1 10
  9 14 13  3
  5  7  2 15
 12  _  8 11

Passo 13:
  4  6  1 10
  9 14 13  3
  5  7  2 15
 12  8  _ 11

Passo 14:
  4  6  1 10
  9 14 13  3
  5  7  2 15
 12  8 11  _

Passo 15:
  4  6  1 10
  9 14 13  3
  5  7  2  _
 12  8 11 15

Passo 16:
  4  6  1 10
  9 14 13  3
  5  7  _  2
 12  8 11 15

Passo 17:
  4  6  1 10
  9 14 13  3
  5  _  7  2
 12  8 11 15

Passo 18:
  4  6  1 10
  9  _ 13  3
  5 14  7  2
 12  8 11 15

Passo 19:
  4  6  1 10
  9 13  _  3
  5 14  7  2
 12  8 11 15

Passo 20:
  4  6  1 10
  9 13  3  _
  5 14  7  2
 12  8 11 15

Passo 21:
  4  6  1 10
  9 13  3  2
  5 14  7  _
 12  8 11 15

Passo 22:
  4  6  1 10
  9 13  3  2
  5 14  _  7
 12  8 11 15

Passo 23:
  4  6  1 10
  9 13  3  2
  5 14 11  7
 12  8  _ 15

Passo 24:
  4  6  1 10
  9 13  3  2
  5 14 11  7
 12  _  8 15

Passo 25:
  4  6  1 10
  9 13  3  2
  5  _ 11  7
 12 14  8 15

Passo 26:
  4  6  1 10
  9  _  3  2
  5 13 11  7
 12 14  8 15

Passo 27:
  4  _  1 10
  9  6  3  2
  5 13 11  7
 12 14  8 15

Passo 28:
  4  1  _ 10
  9  6  3  2
  5 13 11  7
 12 14  8 15

Passo 29:
  4  1  3 10
  9  6  _  2
  5 13 11  7
 12 14  8 15

Passo 30:
  4  1  3 10
  9  6  2  _
  5 13 11  7
 12 14  8 15

Passo 31:
  4  1  3  _
  9  6  2 10
  5 13 11  7
 12 14  8 15

Passo 32:
  4  1  _  3
  9  6  2 10
  5 13 11  7
 12 14  8 15

Passo 33:
  4  1  2  3
  9  6  _ 10
  5 13 11  7
 12 14  8 15

Passo 34:
  4  1  2  3
  9  6 10  _
  5 13 11  7
 12 14  8 15

Passo 35:
  4  1  2  3
  9  6 10  7
  5 13 11  _
 12 14  8 15

Passo 36:
  4  1  2  3
  9  6 10  7
  5 13  _ 11
 12 14  8 15

Passo 37:
  4  1  2  3
  9  6 10  7
  5 13  8 11
 12 14  _ 15

Passo 38:
  4  1  2  3
  9  6 10  7
  5 13  8 11
 12  _ 14 15

Passo 39:
  4  1  2  3
  9  6 10  7
  5  _  8 11
 12 13 14 15

Passo 40:
  4  1  2  3
  9  6 10  7
  5  8  _ 11
 12 13 14 15

Passo 41:
  4  1  2  3
  9  6  _  7
  5  8 10 11
 12 13 14 15

Passo 42:
  4  1  2  3
  9  _  6  7
  5  8 10 11
 12 13 14 15

Passo 43:
  4  1  2  3
  _  9  6  7
  5  8 10 11
 12 13 14 15

Passo 44:
  4  1  2  3
  5  9  6  7
  _  8 10 11
 12 13 14 15

Passo 45:
  4  1  2  3
  5  9  6  7
  8  _ 10 11
 12 13 14 15

Passo 46:
  4  1  2  3
  5  _  6  7
  8  9 10 11
 12 13 14 15

Passo 47:
  4  1  2  3
  _  5  6  7
  8  9 10 11
 12 13 14 15

Passo 48:
  _  1  2  3
  4  5  6  7
  8  9 10 11
 12 13 14 15

