Algoritmo  : idastar_15p
Instancia  : 4
Heuristica : Manhattan + Conflito Linear
Status     : RESOLVIDO
Profundidade otima: 56 movimentos
Nos expandidos    : 20590782
Tempo             : 10251.90 ms

--- Solucao Otima Passo a Passo ---

Estado inicial:
  5 12 10  7
 15 11 14  _
  8  2  1 13
  3  4  9  6

Passo 1:
  5 12 10  7
 15 11  _ 14
  8  2  1 13
  3  4  9  6

Passo 2:
  5 12 10  7
 15  _ 11 14
  8  2  1 13
  3  4  9  6

Passo 3:
  5  _ 10  7
 15 12 11 14
  8  2  1 13
  3  4  9  6

Passo 4:
  5 10  _  7
 15 12 11 14
  8  2  1 13
  3  4  9  6

Passo 5:
  5 10 11  7
 15 12  _ 14
  8  2  1 13
  3  4  9  6

Passo 6:
  5 10 11  7
 15 12  1 14
  8  2  _ 13
  3  4  9  6

Passo 7:
  5 10 11  7
 15 12  1 14
  8  _  2 13
  3  4  9  6

Passo 8:
  5 10 11  7
 15  _  1 14
  8 12  2 13
  3  4  9  6

Passo 9:
  5 10 11  7
  _ 15  1 14
  8 12  2 13
  3  4  9  6

Passo 10:
  5 10 11  7
  8 15  1 14
  _ 12  2 13
  3  4  9  6

Passo 11:
  5 10 11  7
  8 15  1 14
 12  _  2 13
  3  4  9  6

Passo 12:
  5 10 11  7
  8  _  1 14
 12 15  2 13
  3  4  9  6

Passo 13:
  5 10 11  7
  8  1  _ 14
 12 15  2 13
  3  4  9  6

Passo 14:
  5 10 11  7
  8  1  2 14
 12 15  _ 13
  3  4  9  6

Passo 15:
  5 10 11  7
  8  1  2 14
 12  _ 15 13
  3  4  9  6

Passo 16:
  5 10 11  7
  8  1  2 14
 12  4 15 13
  3  _  9  6

Passo 17:
  5 10 11  7
  8  1  2 14
 12  4 15 13
  _  3  9  6

Passo 18:
  5 10 11  7
  8  1  2 14
  _  4 15 13
 12  3  9  6

Passo 19:
  5 10 11  7
  _  1  2 14
  8  4 15 13
 12  3  9  6

Passo 20:
  5 10 11  7
  1  _  2 14
  8  4 15 13
 12  3  9  6

Passo 21:
  5 10 11  7
  1  2  _ 14
  8  4 15 13
 12  3  9  6

Passo 22:
  5 10  _  7
  1  2 11 14
  8  4 15 13
 12  3  9  6

Passo 23:
  5  _ 10  7
  1  2 11 14
  8  4 15 13
 12  3  9  6

Passo 24:
  5  2 10  7
  1  _ 11 14
  8  4 15 13
 12  3  9  6

Passo 25:
  5  2 10  7
  1  4 11 14
  8  _ 15 13
 12  3  9  6

Passo 26:
  5  2 10  7
  1  4 11 14
  8  3 15 13
 12  _  9  6

Passo 27:
  5  2 10  7
  1  4 11 14
  8  3 15 13
 12  9  _  6

Passo 28:
  5  2 10  7
  1  4 11 14
  8  3  _ 13
 12  9 15  6

Passo 29:
  5  2 10  7
  1  4 11 14
  8  3 13  _
 12  9 15  6

Passo 30:
  5  2 10  7
  1  4 11 14
  8  3 13  6
 12  9 15  _

Passo 31:
  5  2 10  7
  1  4 11 14
  8  3 13  6
 12  9  _ 15

Passo 32:
  5  2 10  7
  1  4 11 14
  8  3  _  6
 12  9 13 15

Passo 33:
  5  2 10  7
  1  4  _ 14
  8  3 11  6
 12  9 13 15

Passo 34:
  5  2 10  7
  1  4 14  _
  8  3 11  6
 12  9 13 15

Passo 35:
  5  2 10  7
  1  4 14  6
  8  3 11  _
 12  9 13 15

Passo 36:
  5  2 10  7
  1  4 14  6
  8  3  _ 11
 12  9 13 15

Passo 37:
  5  2 10  7
  1  4  _  6
  8  3 14 11
 12  9 13 15

Passo 38:
  5  2  _  7
  1  4 10  6
  8  3 14 11
 12  9 13 15

Passo 39:
  5  _  2  7
  1  4 10  6
  8  3 14 11
 12  9 13 15

Passo 40:
  _  5  2  7
  1  4 10  6
  8  3 14 11
 12  9 13 15

Passo 41:
  1  5  2  7
  _  4 10  6
  8  3 14 11
 12  9 13 15

Passo 42:
  1  5  2  7
  4  _ 10  6
  8  3 14 11
 12  9 13 15

Passo 43:
  1  5  2  7
  4  3 10  6
  8  _ 14 11
 12  9 13 15

Passo 44:
  1  5  2  7
  4  3 10  6
  8  9 14 11
 12  _ 13 15

Passo 45:
  1  5  2  7
  4  3 10  6
  8  9 14 11
 12 13  _ 15

Passo 46:
  1  5  2  7
  4  3 10  6
  8  9  _ 11
 12 13 14 15

Passo 47:
  1  5  2  7
  4  3  _  6
  8  9 10 11
 12 13 14 15

Passo 48:
  1  5  2  7
  4  _  3  6
  8  9 10 11
 12 13 14 15

Passo 49:
  1  _  2  7
  4  5  3  6
  8  9 10 11
 12 13 14 15

Passo 50:
  1  2  _  7
  4  5  3  6
  8  9 10 11
 12 13 14 15

Passo 51:
  1  2  3  7
  4  5  _  6
  8  9 10 11
 12 13 14 15

Passo 52:
  1  2  3  7
  4  5  6  _
  8  9 10 11
 12 13 14 15

Passo 53:
  1  2  3  _
  4  5  6  7
  8  9 10 11
 12 13 14 15

Passo 54:
  1  2  _  3
  4  5  6  7
  8  9 10 11
 12 13 14 15

Passo 55:
  1  _  2  3
  4  5  6  7
  8  9 10 11
 12 13 14 15

Passo 56:
  _  1  2  3
  4  5  6  7
  8  9 10 11
 12 13 14 15

