Algoritmo  : idastar_15p
Instancia  : 81
Heuristica : Manhattan + Conflito Linear
Status     : RESOLVIDO
Profundidade otima: 53 movimentos
Nos expandidos    : 2260109
Tempo             : 1100.55 ms

--- Solucao Otima Passo a Passo ---

Estado inicial:
 13  _  9 12
 11  6  3  5
 15  8  1 10
  4 14  2  7

Passo 1:
 13  9  _ 12
 11  6  3  5
 15  8  1 10
  4 14  2  7

Passo 2:
 13  9 12  _
 11  6  3  5
 15  8  1 10
  4 14  2  7

Passo 3:
 13  9 12  5
 11  6  3  _
 15  8  1 10
  4 14  2  7

Passo 4:
 13  9 12  5
 11  6  _  3
 15  8  1 10
  4 14  2  7

Passo 5:
 13  9 12  5
 11  6  1  3
 15  8  _ 10
  4 14  2  7

Passo 6:
 13  9 12  5
 11  6  1  3
 15  8  2 10
  4 14  _  7

Passo 7:
 13  9 12  5
 11  6  1  3
 15  8  2 10
  4  _ 14  7

Passo 8:
 13  9 12  5
 11  6  1  3
 15  _  2 10
  4  8 14  7

Passo 9:
 13  9 12  5
 11  6  1  3
  _ 15  2 10
  4  8 14  7

Passo 10:
 13  9 12  5
  _  6  1  3
 11 15  2 10
  4  8 14  7

Passo 11:
  _  9 12  5
 13  6  1  3
 11 15  2 10
  4  8 14  7

Passo 12:
  9  _ 12  5
 13  6  1  3
 11 15  2 10
  4  8 14  7

Passo 13:
  9 12  _  5
 13  6  1  3
 11 15  2 10
  4  8 14  7

Passo 14:
  9 12  1  5
 13  6  _  3
 11 15  2 10
  4  8 14  7

Passo 15:
  9 12  1  5
 13  6  2  3
 11 15  _ 10
  4  8 14  7

Passo 16:
  9 12  1  5
 13  6  2  3
 11  _ 15 10
  4  8 14  7

Passo 17:
  9 12  1  5
 13  6  2  3
  _ 11 15 10
  4  8 14  7

Passo 18:
  9 12  1  5
 13  6  2  3
  4 11 15 10
  _  8 14  7

Passo 19:
  9 12  1  5
 13  6  2  3
  4 11 15 10
  8  _ 14  7

Passo 20:
  9 12  1  5
 13  6  2  3
  4 11 15 10
  8 14  _  7

Passo 21:
  9 12  1  5
 13  6  2  3
  4 11  _ 10
  8 14 15  7

Passo 22:
  9 12  1  5
 13  6  2  3
  4 11 10  _
  8 14 15  7

Passo 23:
  9 12  1  5
 13  6  2  3
  4 11 10  7
  8 14 15  _

Passo 24:
  9 12  1  5
 13  6  2  3
  4 11 10  7
  8 14  _ 15

Passo 25:
  9 12  1  5
 13  6  2  3
  4 11  _  7
  8 14 10 15

Passo 26:
  9 12  1  5
 13  6  2  3
  4  _ 11  7
  8 14 10 15

Passo 27:
  9 12  1  5
 13  _  2  3
  4  6 11  7
  8 14 10 15

Passo 28:
  9  _  1  5
 13 12  2  3
  4  6 11  7
  8 14 10 15

Passo 29:
  9  1  _  5
 13 12  2  3
  4  6 11  7
  8 14 10 15

Passo 30:
  9  1  5  _
 13 12  2  3
  4  6 11  7
  8 14 10 15

Passo 31:
  9  1  5  3
 13 12  2  _
  4  6 11  7
  8 14 10 15

Passo 32:
  9  1  5  3
 13 12  2  7
  4  6 11  _
  8 14 10 15

Passo 33:
  9  1  5  3
 13 12  2  7
  4  6  _ 11
  8 14 10 15

Passo 34:
  9  1  5  3
 13 12  2  7
  4  _  6 11
  8 14 10 15

Passo 35:
  9  1  5  3
 13  _  2  7
  4 12  6 11
  8 14 10 15

Passo 36:
  9  1  5  3
  _ 13  2  7
  4 12  6 11
  8 14 10 15

Passo 37:
  _  1  5  3
  9 13  2  7
  4 12  6 11
  8 14 10 15

Passo 38:
  1  _  5  3
  9 13  2  7
  4 12  6 11
  8 14 10 15

Passo 39:
  1  5  _  3
  9 13  2  7
  4 12  6 11
  8 14 10 15

Passo 40:
  1  5  2  3
  9 13  _  7
  4 12  6 11
  8 14 10 15

Passo 41:
  1  5  2  3
  9 13  6  7
  4 12  _ 11
  8 14 10 15

Passo 42:
  1  5  2  3
  9 13  6  7
  4 12 10 11
  8 14  _ 15

Passo 43:
  1  5  2  3
  9 13  6  7
  4 12 10 11
  8  _ 14 15

Passo 44:
  1  5  2  3
  9 13  6  7
  4  _ 10 11
  8 12 14 15

Passo 45:
  1  5  2  3
  9  _  6  7
  4 13 10 11
  8 12 14 15

Passo 46:
  1  5  2  3
  _  9  6  7
  4 13 10 11
  8 12 14 15

Passo 47:
  1  5  2  3
  4  9  6  7
  _ 13 10 11
  8 12 14 15

Passo 48:
  1  5  2  3
  4  9  6  7
  8 13 10 11
  _ 12 14 15

Passo 49:
  1  5  2  3
  4  9  6  7
  8 13 10 11
 12  _ 14 15

Passo 50:
  1  5  2  3
  4  9  6  7
  8  _ 10 11
 12 13 14 15

Passo 51:
  1  5  2  3
  4  _  6  7
  8  9 10 11
 12 13 14 15

Passo 52:
  1  _  2  3
  4  5  6  7
  8  9 10 11
 12 13 14 15

Passo 53:
  _  1  2  3
  4  5  6  7
  8  9 10 11
 12 13 14 15

