Algoritmo  : idastar_15p
Instancia  : 23
Heuristica : Manhattan + Conflito Linear
Status     : RESOLVIDO
Profundidade otima: 49 movimentos
Nos expandidos    : 400590
Tempo             : 165.15 ms

--- Solucao Otima Passo a Passo ---

Estado inicial:
 10  9  3 11
  _ 13  2 14
  5  6  4  7
  8 15  1 12

Passo 1:
  _  9  3 11
 10 13  2 14
  5  6  4  7
  8 15  1 12

Passo 2:
  9  _  3 11
 10 13  2 14
  5  6  4  7
  8 15  1 12

Passo 3:
  9 13  3 11
 10  _  2 14
  5  6  4  7
  8 15  1 12

Passo 4:
  9 13  3 11
 10  6  2 14
  5  _  4  7
  8 15  1 12

Passo 5:
  9 13  3 11
 10  6  2 14
  5  4  _  7
  8 15  1 12

Passo 6:
  9 13  3 11
 10  6  2 14
  5  4  1  7
  8 15  _ 12

Passo 7:
  9 13  3 11
 10  6  2 14
  5  4  1  7
  8  _ 15 12

Passo 8:
  9 13  3 11
 10  6  2 14
  5  _  1  7
  8  4 15 12

Passo 9:
  9 13  3 11
 10  6  2 14
  5  1  _  7
  8  4 15 12

Passo 10:
  9 13  3 11
 10  6  2 14
  5  1  7  _
  8  4 15 12

Passo 11:
  9 13  3 11
 10  6  2  _
  5  1  7 14
  8  4 15 12

Passo 12:
  9 13  3  _
 10  6  2 11
  5  1  7 14
  8  4 15 12

Passo 13:
  9 13  _  3
 10  6  2 11
  5  1  7 14
  8  4 15 12

Passo 14:
  9 13  2  3
 10  6  _ 11
  5  1  7 14
  8  4 15 12

Passo 15:
  9 13  2  3
 10  _  6 11
  5  1  7 14
  8  4 15 12

Passo 16:
  9 13  2  3
  _ 10  6 11
  5  1  7 14
  8  4 15 12

Passo 17:
  9 13  2  3
  5 10  6 11
  _  1  7 14
  8  4 15 12

Passo 18:
  9 13  2  3
  5 10  6 11
  1  _  7 14
  8  4 15 12

Passo 19:
  9 13  2  3
  5  _  6 11
  1 10  7 14
  8  4 15 12

Passo 20:
  9 13  2  3
  5  6  _ 11
  1 10  7 14
  8  4 15 12

Passo 21:
  9 13  2  3
  5  6  7 11
  1 10  _ 14
  8  4 15 12

Passo 22:
  9 13  2  3
  5  6  7 11
  1 10 15 14
  8  4  _ 12

Passo 23:
  9 13  2  3
  5  6  7 11
  1 10 15 14
  8  4 12  _

Passo 24:
  9 13  2  3
  5  6  7 11
  1 10 15  _
  8  4 12 14

Passo 25:
  9 13  2  3
  5  6  7 11
  1 10  _ 15
  8  4 12 14

Passo 26:
  9 13  2  3
  5  6  7 11
  1  _ 10 15
  8  4 12 14

Passo 27:
  9 13  2  3
  5  6  7 11
  1  4 10 15
  8  _ 12 14

Passo 28:
  9 13  2  3
  5  6  7 11
  1  4 10 15
  8 12  _ 14

Passo 29:
  9 13  2  3
  5  6  7 11
  1  4 10 15
  8 12 14  _

Passo 30:
  9 13  2  3
  5  6  7 11
  1  4 10  _
  8 12 14 15

Passo 31:
  9 13  2  3
  5  6  7  _
  1  4 10 11
  8 12 14 15

Passo 32:
  9 13  2  3
  5  6  _  7
  1  4 10 11
  8 12 14 15

Passo 33:
  9 13  2  3
  5  _  6  7
  1  4 10 11
  8 12 14 15

Passo 34:
  9  _  2  3
  5 13  6  7
  1  4 10 11
  8 12 14 15

Passo 35:
  _  9  2  3
  5 13  6  7
  1  4 10 11
  8 12 14 15

Passo 36:
  5  9  2  3
  _ 13  6  7
  1  4 10 11
  8 12 14 15

Passo 37:
  5  9  2  3
  1 13  6  7
  _  4 10 11
  8 12 14 15

Passo 38:
  5  9  2  3
  1 13  6  7
  4  _ 10 11
  8 12 14 15

Passo 39:
  5  9  2  3
  1  _  6  7
  4 13 10 11
  8 12 14 15

Passo 40:
  5  _  2  3
  1  9  6  7
  4 13 10 11
  8 12 14 15

Passo 41:
  _  5  2  3
  1  9  6  7
  4 13 10 11
  8 12 14 15

Passo 42:
  1  5  2  3
  _  9  6  7
  4 13 10 11
  8 12 14 15

Passo 43:
  1  5  2  3
  4  9  6  7
  _ 13 10 11
  8 12 14 15

Passo 44:
  1  5  2  3
  4  9  6  7
  8 13 10 11
  _ 12 14 15

Passo 45:
  1  5  2  3
  4  9  6  7
  8 13 10 11
 12  _ 14 15

Passo 46:
  1  5  2  3
  4  9  6  7
  8  _ 10 11
 12 13 14 15

Passo 47:
  1  5  2  3
  4  _  6  7
  8  9 10 11
 12 13 14 15

Passo 48:
  1  _  2  3
  4  5  6  7
  8  9 10 11
 12 13 14 15

Passo 49:
  _  1  2  3
  4  5  6  7
  8  9 10 11
 12 13 14 15

