Algoritmo  : idastar_15p
Instancia  : 68
Heuristica : Manhattan + Conflito Linear
Status     : RESOLVIDO
Profundidade otima: 51 movimentos
Nos expandidos    : 7256594
Tempo             : 4018.74 ms

--- Solucao Otima Passo a Passo ---

Estado inicial:
  7  3  1 13
 12 10  5  2
  8  _  6 11
 14 15  4  9

Passo 1:
  7  3  1 13
 12  _  5  2
  8 10  6 11
 14 15  4  9

Passo 2:
  7  _  1 13
 12  3  5  2
  8 10  6 11
 14 15  4  9

Passo 3:
  7  1  _ 13
 12  3  5  2
  8 10  6 11
 14 15  4  9

Passo 4:
  7  1  5 13
 12  3  _  2
  8 10  6 11
 14 15  4  9

Passo 5:
  7  1  5 13
 12  _  3  2
  8 10  6 11
 14 15  4  9

Passo 6:
  7  1  5 13
  _ 12  3  2
  8 10  6 11
 14 15  4  9

Passo 7:
  _  1  5 13
  7 12  3  2
  8 10  6 11
 14 15  4  9

Passo 8:
  1  _  5 13
  7 12  3  2
  8 10  6 11
 14 15  4  9

Passo 9:
  1  5  _ 13
  7 12  3  2
  8 10  6 11
 14 15  4  9

Passo 10:
  1  5  3 13
  7 12  _  2
  8 10  6 11
 14 15  4  9

Passo 11:
  1  5  3 13
  7 12  6  2
  8 10  _ 11
 14 15  4  9

Passo 12:
  1  5  3 13
  7 12  6  2
  8 10  4 11
 14 15  _  9

Passo 13:
  1  5  3 13
  7 12  6  2
  8 10  4 11
 14  _ 15  9

Passo 14:
  1  5  3 13
  7 12  6  2
  8  _  4 11
 14 10 15  9

Passo 15:
  1  5  3 13
  7  _  6  2
  8 12  4 11
 14 10 15  9

Passo 16:
  1  5  3 13
  _  7  6  2
  8 12  4 11
 14 10 15  9

Passo 17:
  1  5  3 13
  8  7  6  2
  _ 12  4 11
 14 10 15  9

Passo 18:
  1  5  3 13
  8  7  6  2
 12  _  4 11
 14 10 15  9

Passo 19:
  1  5  3 13
  8  7  6  2
 12  4  _ 11
 14 10 15  9

Passo 20:
  1  5  3 13
  8  7  _  2
 12  4  6 11
 14 10 15  9

Passo 21:
  1  5  3 13
  8  7  2  _
 12  4  6 11
 14 10 15  9

Passo 22:
  1  5  3  _
  8  7  2 13
 12  4  6 11
 14 10 15  9

Passo 23:
  1  5  _  3
  8  7  2 13
 12  4  6 11
 14 10 15  9

Passo 24:
  1  5  2  3
  8  7  _ 13
 12  4  6 11
 14 10 15  9

Passo 25:
  1  5  2  3
  8  7 13  _
 12  4  6 11
 14 10 15  9

Passo 26:
  1  5  2  3
  8  7 13 11
 12  4  6  _
 14 10 15  9

Passo 27:
  1  5  2  3
  8  7 13 11
 12  4  6  9
 14 10 15  _

Passo 28:
  1  5  2  3
  8  7 13 11
 12  4  6  9
 14 10  _ 15

Passo 29:
  1  5  2  3
  8  7 13 11
 12  4  _  9
 14 10  6 15

Passo 30:
  1  5  2  3
  8  7  _ 11
 12  4 13  9
 14 10  6 15

Passo 31:
  1  5  2  3
  8  _  7 11
 12  4 13  9
 14 10  6 15

Passo 32:
  1  5  2  3
  8  4  7 11
 12  _ 13  9
 14 10  6 15

Passo 33:
  1  5  2  3
  8  4  7 11
 12 13  _  9
 14 10  6 15

Passo 34:
  1  5  2  3
  8  4  7 11
 12 13  9  _
 14 10  6 15

Passo 35:
  1  5  2  3
  8  4  7  _
 12 13  9 11
 14 10  6 15

Passo 36:
  1  5  2  3
  8  4  _  7
 12 13  9 11
 14 10  6 15

Passo 37:
  1  5  2  3
  8  4  9  7
 12 13  _ 11
 14 10  6 15

Passo 38:
  1  5  2  3
  8  4  9  7
 12 13  6 11
 14 10  _ 15

Passo 39:
  1  5  2  3
  8  4  9  7
 12 13  6 11
 14  _ 10 15

Passo 40:
  1  5  2  3
  8  4  9  7
 12 13  6 11
  _ 14 10 15

Passo 41:
  1  5  2  3
  8  4  9  7
  _ 13  6 11
 12 14 10 15

Passo 42:
  1  5  2  3
  _  4  9  7
  8 13  6 11
 12 14 10 15

Passo 43:
  1  5  2  3
  4  _  9  7
  8 13  6 11
 12 14 10 15

Passo 44:
  1  5  2  3
  4  9  _  7
  8 13  6 11
 12 14 10 15

Passo 45:
  1  5  2  3
  4  9  6  7
  8 13  _ 11
 12 14 10 15

Passo 46:
  1  5  2  3
  4  9  6  7
  8 13 10 11
 12 14  _ 15

Passo 47:
  1  5  2  3
  4  9  6  7
  8 13 10 11
 12  _ 14 15

Passo 48:
  1  5  2  3
  4  9  6  7
  8  _ 10 11
 12 13 14 15

Passo 49:
  1  5  2  3
  4  _  6  7
  8  9 10 11
 12 13 14 15

Passo 50:
  1  _  2  3
  4  5  6  7
  8  9 10 11
 12 13 14 15

Passo 51:
  _  1  2  3
  4  5  6  7
  8  9 10 11
 12 13 14 15

