Algoritmo  : idastar_15p
Instancia  : 16
Heuristica : Manhattan + Conflito Linear
Status     : RESOLVIDO
Profundidade otima: 42 movimentos
Nos expandidos    : 2201111
Tempo             : 920.23 ms

--- Solucao Otima Passo a Passo ---

Estado inicial:
  1  3  2  5
 10  9 15  6
  8 14 13 11
 12  4  7  _

Passo 1:
  1  3  2  5
 10  9 15  6
  8 14 13 11
 12  4  _  7

Passo 2:
  1  3  2  5
 10  9 15  6
  8 14 13 11
 12  _  4  7

Passo 3:
  1  3  2  5
 10  9 15  6
  8  _ 13 11
 12 14  4  7

Passo 4:
  1  3  2  5
 10  _ 15  6
  8  9 13 11
 12 14  4  7

Passo 5:
  1  _  2  5
 10  3 15  6
  8  9 13 11
 12 14  4  7

Passo 6:
  1  2  _  5
 10  3 15  6
  8  9 13 11
 12 14  4  7

Passo 7:
  1  2  5  _
 10  3 15  6
  8  9 13 11
 12 14  4  7

Passo 8:
  1  2  5  6
 10  3 15  _
  8  9 13 11
 12 14  4  7

Passo 9:
  1  2  5  6
 10  3  _ 15
  8  9 13 11
 12 14  4  7

Passo 10:
  1  2  5  6
 10  _  3 15
  8  9 13 11
 12 14  4  7

Passo 11:
  1  2  5  6
  _ 10  3 15
  8  9 13 11
 12 14  4  7

Passo 12:
  1  2  5  6
  8 10  3 15
  _  9 13 11
 12 14  4  7

Passo 13:
  1  2  5  6
  8 10  3 15
  9  _ 13 11
 12 14  4  7

Passo 14:
  1  2  5  6
  8 10  3 15
  9 13  _ 11
 12 14  4  7

Passo 15:
  1  2  5  6
  8 10  3 15
  9 13  4 11
 12 14  _  7

Passo 16:
  1  2  5  6
  8 10  3 15
  9 13  4 11
 12 14  7  _

Passo 17:
  1  2  5  6
  8 10  3 15
  9 13  4  _
 12 14  7 11

Passo 18:
  1  2  5  6
  8 10  3  _
  9 13  4 15
 12 14  7 11

Passo 19:
  1  2  5  6
  8 10  _  3
  9 13  4 15
 12 14  7 11

Passo 20:
  1  2  5  6
  8 10  4  3
  9 13  _ 15
 12 14  7 11

Passo 21:
  1  2  5  6
  8 10  4  3
  9 13  7 15
 12 14  _ 11

Passo 22:
  1  2  5  6
  8 10  4  3
  9 13  7 15
 12 14 11  _

Passo 23:
  1  2  5  6
  8 10  4  3
  9 13  7  _
 12 14 11 15

Passo 24:
  1  2  5  6
  8 10  4  3
  9 13  _  7
 12 14 11 15

Passo 25:
  1  2  5  6
  8 10  4  3
  9 13 11  7
 12 14  _ 15

Passo 26:
  1  2  5  6
  8 10  4  3
  9 13 11  7
 12  _ 14 15

Passo 27:
  1  2  5  6
  8 10  4  3
  9  _ 11  7
 12 13 14 15

Passo 28:
  1  2  5  6
  8  _  4  3
  9 10 11  7
 12 13 14 15

Passo 29:
  1  2  5  6
  8  4  _  3
  9 10 11  7
 12 13 14 15

Passo 30:
  1  2  _  6
  8  4  5  3
  9 10 11  7
 12 13 14 15

Passo 31:
  1  2  6  _
  8  4  5  3
  9 10 11  7
 12 13 14 15

Passo 32:
  1  2  6  3
  8  4  5  _
  9 10 11  7
 12 13 14 15

Passo 33:
  1  2  6  3
  8  4  5  7
  9 10 11  _
 12 13 14 15

Passo 34:
  1  2  6  3
  8  4  5  7
  9 10  _ 11
 12 13 14 15

Passo 35:
  1  2  6  3
  8  4  5  7
  9  _ 10 11
 12 13 14 15

Passo 36:
  1  2  6  3
  8  4  5  7
  _  9 10 11
 12 13 14 15

Passo 37:
  1  2  6  3
  _  4  5  7
  8  9 10 11
 12 13 14 15

Passo 38:
  1  2  6  3
  4  _  5  7
  8  9 10 11
 12 13 14 15

Passo 39:
  1  2  6  3
  4  5  _  7
  8  9 10 11
 12 13 14 15

Passo 40:
  1  2  _  3
  4  5  6  7
  8  9 10 11
 12 13 14 15

Passo 41:
  1  _  2  3
  4  5  6  7
  8  9 10 11
 12 13 14 15

Passo 42:
  _  1  2  3
  4  5  6  7
  8  9 10 11
 12 13 14 15

