Algoritmo  : idastar_15p
Instancia  : 20
Heuristica : Manhattan + Conflito Linear
Status     : RESOLVIDO
Profundidade otima: 52 movimentos
Nos expandidos    : 4131131
Tempo             : 1651.56 ms

--- Solucao Otima Passo a Passo ---

Estado inicial:
  6 12 11  3
 13  7  9 15
  2 14  8 10
  4  1  5  _

Passo 1:
  6 12 11  3
 13  7  9 15
  2 14  8  _
  4  1  5 10

Passo 2:
  6 12 11  3
 13  7  9  _
  2 14  8 15
  4  1  5 10

Passo 3:
  6 12 11  3
 13  7  _  9
  2 14  8 15
  4  1  5 10

Passo 4:
  6 12 11  3
 13  _  7  9
  2 14  8 15
  4  1  5 10

Passo 5:
  6 12 11  3
  _ 13  7  9
  2 14  8 15
  4  1  5 10

Passo 6:
  6 12 11  3
  2 13  7  9
  _ 14  8 15
  4  1  5 10

Passo 7:
  6 12 11  3
  2 13  7  9
  4 14  8 15
  _  1  5 10

Passo 8:
  6 12 11  3
  2 13  7  9
  4 14  8 15
  1  _  5 10

Passo 9:
  6 12 11  3
  2 13  7  9
  4  _  8 15
  1 14  5 10

Passo 10:
  6 12 11  3
  2  _  7  9
  4 13  8 15
  1 14  5 10

Passo 11:
  6  _ 11  3
  2 12  7  9
  4 13  8 15
  1 14  5 10

Passo 12:
  _  6 11  3
  2 12  7  9
  4 13  8 15
  1 14  5 10

Passo 13:
  2  6 11  3
  _ 12  7  9
  4 13  8 15
  1 14  5 10

Passo 14:
  2  6 11  3
  4 12  7  9
  _ 13  8 15
  1 14  5 10

Passo 15:
  2  6 11  3
  4 12  7  9
 13  _  8 15
  1 14  5 10

Passo 16:
  2  6 11  3
  4 12  7  9
 13  8  _ 15
  1 14  5 10

Passo 17:
  2  6 11  3
  4 12  7  9
 13  8  5 15
  1 14  _ 10

Passo 18:
  2  6 11  3
  4 12  7  9
 13  8  5 15
  1  _ 14 10

Passo 19:
  2  6 11  3
  4 12  7  9
 13  8  5 15
  _  1 14 10

Passo 20:
  2  6 11  3
  4 12  7  9
  _  8  5 15
 13  1 14 10

Passo 21:
  2  6 11  3
  4 12  7  9
  8  _  5 15
 13  1 14 10

Passo 22:
  2  6 11  3
  4  _  7  9
  8 12  5 15
 13  1 14 10

Passo 23:
  2  6 11  3
  4  7  _  9
  8 12  5 15
 13  1 14 10

Passo 24:
  2  6  _  3
  4  7 11  9
  8 12  5 15
 13  1 14 10

Passo 25:
  2  _  6  3
  4  7 11  9
  8 12  5 15
 13  1 14 10

Passo 26:
  _  2  6  3
  4  7 11  9
  8 12  5 15
 13  1 14 10

Passo 27:
  4  2  6  3
  _  7 11  9
  8 12  5 15
 13  1 14 10

Passo 28:
  4  2  6  3
  8  7 11  9
  _ 12  5 15
 13  1 14 10

Passo 29:
  4  2  6  3
  8  7 11  9
 12  _  5 15
 13  1 14 10

Passo 30:
  4  2  6  3
  8  7 11  9
 12  1  5 15
 13  _ 14 10

Passo 31:
  4  2  6  3
  8  7 11  9
 12  1  5 15
 13 14  _ 10

Passo 32:
  4  2  6  3
  8  7 11  9
 12  1  5 15
 13 14 10  _

Passo 33:
  4  2  6  3
  8  7 11  9
 12  1  5  _
 13 14 10 15

Passo 34:
  4  2  6  3
  8  7 11  _
 12  1  5  9
 13 14 10 15

Passo 35:
  4  2  6  3
  8  7  _ 11
 12  1  5  9
 13 14 10 15

Passo 36:
  4  2  6  3
  8  _  7 11
 12  1  5  9
 13 14 10 15

Passo 37:
  4  2  6  3
  8  1  7 11
 12  _  5  9
 13 14 10 15

Passo 38:
  4  2  6  3
  8  1  7 11
 12  5  _  9
 13 14 10 15

Passo 39:
  4  2  6  3
  8  1  7 11
 12  5  9  _
 13 14 10 15

Passo 40:
  4  2  6  3
  8  1  7  _
 12  5  9 11
 13 14 10 15

Passo 41:
  4  2  6  3
  8  1  _  7
 12  5  9 11
 13 14 10 15

Passo 42:
  4  2  _  3
  8  1  6  7
 12  5  9 11
 13 14 10 15

Passo 43:
  4  _  2  3
  8  1  6  7
 12  5  9 11
 13 14 10 15

Passo 44:
  4  1  2  3
  8  _  6  7
 12  5  9 11
 13 14 10 15

Passo 45:
  4  1  2  3
  8  5  6  7
 12  _  9 11
 13 14 10 15

Passo 46:
  4  1  2  3
  8  5  6  7
 12  9  _ 11
 13 14 10 15

Passo 47:
  4  1  2  3
  8  5  6  7
 12  9 10 11
 13 14  _ 15

Passo 48:
  4  1  2  3
  8  5  6  7
 12  9 10 11
 13  _ 14 15

Passo 49:
  4  1  2  3
  8  5  6  7
 12  9 10 11
  _ 13 14 15

Passo 50:
  4  1  2  3
  8  5  6  7
  _  9 10 11
 12 13 14 15

Passo 51:
  4  1  2  3
  _  5  6  7
  8  9 10 11
 12 13 14 15

Passo 52:
  _  1  2  3
  4  5  6  7
  8  9 10 11
 12 13 14 15

