Algoritmo  : idastar_15p
Instancia  : 95
Heuristica : Manhattan + Conflito Linear
Status     : RESOLVIDO
Profundidade otima: 50 movimentos
Nos expandidos    : 852551
Tempo             : 602.44 ms

--- Solucao Otima Passo a Passo ---

Estado inicial:
  4  3  6 13
  7 15  9  _
 10  5  8 11
  2 12  1 14

Passo 1:
  4  3  6  _
  7 15  9 13
 10  5  8 11
  2 12  1 14

Passo 2:
  4  3  _  6
  7 15  9 13
 10  5  8 11
  2 12  1 14

Passo 3:
  4  3  9  6
  7 15  _ 13
 10  5  8 11
  2 12  1 14

Passo 4:
  4  3  9  6
  7  _ 15 13
 10  5  8 11
  2 12  1 14

Passo 5:
  4  3  9  6
  7  5 15 13
 10  _  8 11
  2 12  1 14

Passo 6:
  4  3  9  6
  7  5 15 13
  _ 10  8 11
  2 12  1 14

Passo 7:
  4  3  9  6
  7  5 15 13
  2 10  8 11
  _ 12  1 14

Passo 8:
  4  3  9  6
  7  5 15 13
  2 10  8 11
 12  _  1 14

Passo 9:
  4  3  9  6
  7  5 15 13
  2  _  8 11
 12 10  1 14

Passo 10:
  4  3  9  6
  7  _ 15 13
  2  5  8 11
 12 10  1 14

Passo 11:
  4  3  9  6
  _  7 15 13
  2  5  8 11
 12 10  1 14

Passo 12:
  4  3  9  6
  2  7 15 13
  _  5  8 11
 12 10  1 14

Passo 13:
  4  3  9  6
  2  7 15 13
  5  _  8 11
 12 10  1 14

Passo 14:
  4  3  9  6
  2  7 15 13
  5  8  _ 11
 12 10  1 14

Passo 15:
  4  3  9  6
  2  7  _ 13
  5  8 15 11
 12 10  1 14

Passo 16:
  4  3  9  6
  2  7 13  _
  5  8 15 11
 12 10  1 14

Passo 17:
  4  3  9  6
  2  7 13 11
  5  8 15  _
 12 10  1 14

Passo 18:
  4  3  9  6
  2  7 13 11
  5  8  _ 15
 12 10  1 14

Passo 19:
  4  3  9  6
  2  7  _ 11
  5  8 13 15
 12 10  1 14

Passo 20:
  4  3  _  6
  2  7  9 11
  5  8 13 15
 12 10  1 14

Passo 21:
  4  _  3  6
  2  7  9 11
  5  8 13 15
 12 10  1 14

Passo 22:
  4  7  3  6
  2  _  9 11
  5  8 13 15
 12 10  1 14

Passo 23:
  4  7  3  6
  _  2  9 11
  5  8 13 15
 12 10  1 14

Passo 24:
  4  7  3  6
  5  2  9 11
  _  8 13 15
 12 10  1 14

Passo 25:
  4  7  3  6
  5  2  9 11
  8  _ 13 15
 12 10  1 14

Passo 26:
  4  7  3  6
  5  2  9 11
  8 13  _ 15
 12 10  1 14

Passo 27:
  4  7  3  6
  5  2  9 11
  8 13  1 15
 12 10  _ 14

Passo 28:
  4  7  3  6
  5  2  9 11
  8 13  1 15
 12  _ 10 14

Passo 29:
  4  7  3  6
  5  2  9 11
  8  _  1 15
 12 13 10 14

Passo 30:
  4  7  3  6
  5  2  9 11
  8  1  _ 15
 12 13 10 14

Passo 31:
  4  7  3  6
  5  2  _ 11
  8  1  9 15
 12 13 10 14

Passo 32:
  4  7  _  6
  5  2  3 11
  8  1  9 15
 12 13 10 14

Passo 33:
  4  _  7  6
  5  2  3 11
  8  1  9 15
 12 13 10 14

Passo 34:
  4  2  7  6
  5  _  3 11
  8  1  9 15
 12 13 10 14

Passo 35:
  4  2  7  6
  5  1  3 11
  8  _  9 15
 12 13 10 14

Passo 36:
  4  2  7  6
  5  1  3 11
  8  9  _ 15
 12 13 10 14

Passo 37:
  4  2  7  6
  5  1  3 11
  8  9 10 15
 12 13  _ 14

Passo 38:
  4  2  7  6
  5  1  3 11
  8  9 10 15
 12 13 14  _

Passo 39:
  4  2  7  6
  5  1  3 11
  8  9 10  _
 12 13 14 15

Passo 40:
  4  2  7  6
  5  1  3  _
  8  9 10 11
 12 13 14 15

Passo 41:
  4  2  7  _
  5  1  3  6
  8  9 10 11
 12 13 14 15

Passo 42:
  4  2  _  7
  5  1  3  6
  8  9 10 11
 12 13 14 15

Passo 43:
  4  2  3  7
  5  1  _  6
  8  9 10 11
 12 13 14 15

Passo 44:
  4  2  3  7
  5  1  6  _
  8  9 10 11
 12 13 14 15

Passo 45:
  4  2  3  _
  5  1  6  7
  8  9 10 11
 12 13 14 15

Passo 46:
  4  2  _  3
  5  1  6  7
  8  9 10 11
 12 13 14 15

Passo 47:
  4  _  2  3
  5  1  6  7
  8  9 10 11
 12 13 14 15

Passo 48:
  4  1  2  3
  5  _  6  7
  8  9 10 11
 12 13 14 15

Passo 49:
  4  1  2  3
  _  5  6  7
  8  9 10 11
 12 13 14 15

Passo 50:
  _  1  2  3
  4  5  6  7
  8  9 10 11
 12 13 14 15

