Algoritmo  : idastar_15p
Instancia  : 34
Heuristica : Manhattan + Conflito Linear
Status     : RESOLVIDO
Profundidade otima: 52 movimentos
Nos expandidos    : 1305202
Tempo             : 1242.74 ms

--- Solucao Otima Passo a Passo ---

Estado inicial:
  6 11  7  8
 13  2  5  4
  1 10  3  9
 14  _ 12 15

Passo 1:
  6 11  7  8
 13  2  5  4
  1  _  3  9
 14 10 12 15

Passo 2:
  6 11  7  8
 13  _  5  4
  1  2  3  9
 14 10 12 15

Passo 3:
  6 11  7  8
 13  5  _  4
  1  2  3  9
 14 10 12 15

Passo 4:
  6 11  7  8
 13  5  4  _
  1  2  3  9
 14 10 12 15

Passo 5:
  6 11  7  _
 13  5  4  8
  1  2  3  9
 14 10 12 15

Passo 6:
  6 11  _  7
 13  5  4  8
  1  2  3  9
 14 10 12 15

Passo 7:
  6 11  4  7
 13  5  _  8
  1  2  3  9
 14 10 12 15

Passo 8:
  6 11  4  7
 13  5  3  8
  1  2  _  9
 14 10 12 15

Passo 9:
  6 11  4  7
 13  5  3  8
  1  2 12  9
 14 10  _ 15

Passo 10:
  6 11  4  7
 13  5  3  8
  1  2 12  9
 14  _ 10 15

Passo 11:
  6 11  4  7
 13  5  3  8
  1  _ 12  9
 14  2 10 15

Passo 12:
  6 11  4  7
 13  5  3  8
  _  1 12  9
 14  2 10 15

Passo 13:
  6 11  4  7
  _  5  3  8
 13  1 12  9
 14  2 10 15

Passo 14:
  6 11  4  7
  5  _  3  8
 13  1 12  9
 14  2 10 15

Passo 15:
  6  _  4  7
  5 11  3  8
 13  1 12  9
 14  2 10 15

Passo 16:
  6  4  _  7
  5 11  3  8
 13  1 12  9
 14  2 10 15

Passo 17:
  6  4  3  7
  5 11  _  8
 13  1 12  9
 14  2 10 15

Passo 18:
  6  4  3  7
  5  _ 11  8
 13  1 12  9
 14  2 10 15

Passo 19:
  6  4  3  7
  5  1 11  8
 13  _ 12  9
 14  2 10 15

Passo 20:
  6  4  3  7
  5  1 11  8
 13  2 12  9
 14  _ 10 15

Passo 21:
  6  4  3  7
  5  1 11  8
 13  2 12  9
  _ 14 10 15

Passo 22:
  6  4  3  7
  5  1 11  8
  _  2 12  9
 13 14 10 15

Passo 23:
  6  4  3  7
  _  1 11  8
  5  2 12  9
 13 14 10 15

Passo 24:
  _  4  3  7
  6  1 11  8
  5  2 12  9
 13 14 10 15

Passo 25:
  4  _  3  7
  6  1 11  8
  5  2 12  9
 13 14 10 15

Passo 26:
  4  1  3  7
  6  _ 11  8
  5  2 12  9
 13 14 10 15

Passo 27:
  4  1  3  7
  6  2 11  8
  5  _ 12  9
 13 14 10 15

Passo 28:
  4  1  3  7
  6  2 11  8
  5 12  _  9
 13 14 10 15

Passo 29:
  4  1  3  7
  6  2 11  8
  5 12  9  _
 13 14 10 15

Passo 30:
  4  1  3  7
  6  2 11  _
  5 12  9  8
 13 14 10 15

Passo 31:
  4  1  3  7
  6  2  _ 11
  5 12  9  8
 13 14 10 15

Passo 32:
  4  1  3  7
  6  _  2 11
  5 12  9  8
 13 14 10 15

Passo 33:
  4  1  3  7
  _  6  2 11
  5 12  9  8
 13 14 10 15

Passo 34:
  4  1  3  7
  5  6  2 11
  _ 12  9  8
 13 14 10 15

Passo 35:
  4  1  3  7
  5  6  2 11
 12  _  9  8
 13 14 10 15

Passo 36:
  4  1  3  7
  5  6  2 11
 12  9  _  8
 13 14 10 15

Passo 37:
  4  1  3  7
  5  6  2 11
 12  9  8  _
 13 14 10 15

Passo 38:
  4  1  3  7
  5  6  2  _
 12  9  8 11
 13 14 10 15

Passo 39:
  4  1  3  _
  5  6  2  7
 12  9  8 11
 13 14 10 15

Passo 40:
  4  1  _  3
  5  6  2  7
 12  9  8 11
 13 14 10 15

Passo 41:
  4  1  2  3
  5  6  _  7
 12  9  8 11
 13 14 10 15

Passo 42:
  4  1  2  3
  5  _  6  7
 12  9  8 11
 13 14 10 15

Passo 43:
  4  1  2  3
  5  9  6  7
 12  _  8 11
 13 14 10 15

Passo 44:
  4  1  2  3
  5  9  6  7
 12  8  _ 11
 13 14 10 15

Passo 45:
  4  1  2  3
  5  9  6  7
 12  8 10 11
 13 14  _ 15

Passo 46:
  4  1  2  3
  5  9  6  7
 12  8 10 11
 13  _ 14 15

Passo 47:
  4  1  2  3
  5  9  6  7
 12  8 10 11
  _ 13 14 15

Passo 48:
  4  1  2  3
  5  9  6  7
  _  8 10 11
 12 13 14 15

Passo 49:
  4  1  2  3
  5  9  6  7
  8  _ 10 11
 12 13 14 15

Passo 50:
  4  1  2  3
  5  _  6  7
  8  9 10 11
 12 13 14 15

Passo 51:
  4  1  2  3
  _  5  6  7
  8  9 10 11
 12 13 14 15

Passo 52:
  _  1  2  3
  4  5  6  7
  8  9 10 11
 12 13 14 15

