Algoritmo  : idastar_15p
Instancia  : 37
Heuristica : Manhattan + Conflito Linear
Status     : RESOLVIDO
Profundidade otima: 58 movimentos
Nos expandidos    : 20050252
Tempo             : 7900.86 ms

--- Solucao Otima Passo a Passo ---

Estado inicial:
  8  1  7 12
 11  _ 10  5
  9 15  6 13
 14  2  3  4

Passo 1:
  8  _  7 12
 11  1 10  5
  9 15  6 13
 14  2  3  4

Passo 2:
  8  7  _ 12
 11  1 10  5
  9 15  6 13
 14  2  3  4

Passo 3:
  8  7 12  _
 11  1 10  5
  9 15  6 13
 14  2  3  4

Passo 4:
  8  7 12  5
 11  1 10  _
  9 15  6 13
 14  2  3  4

Passo 5:
  8  7 12  5
 11  1  _ 10
  9 15  6 13
 14  2  3  4

Passo 6:
  8  7  _  5
 11  1 12 10
  9 15  6 13
 14  2  3  4

Passo 7:
  8  _  7  5
 11  1 12 10
  9 15  6 13
 14  2  3  4

Passo 8:
  8  1  7  5
 11  _ 12 10
  9 15  6 13
 14  2  3  4

Passo 9:
  8  1  7  5
 11 12  _ 10
  9 15  6 13
 14  2  3  4

Passo 10:
  8  1  7  5
 11 12  6 10
  9 15  _ 13
 14  2  3  4

Passo 11:
  8  1  7  5
 11 12  6 10
  9 15  3 13
 14  2  _  4

Passo 12:
  8  1  7  5
 11 12  6 10
  9 15  3 13
 14  2  4  _

Passo 13:
  8  1  7  5
 11 12  6 10
  9 15  3  _
 14  2  4 13

Passo 14:
  8  1  7  5
 11 12  6 10
  9 15  _  3
 14  2  4 13

Passo 15:
  8  1  7  5
 11 12  6 10
  9  _ 15  3
 14  2  4 13

Passo 16:
  8  1  7  5
 11  _  6 10
  9 12 15  3
 14  2  4 13

Passo 17:
  8  1  7  5
  _ 11  6 10
  9 12 15  3
 14  2  4 13

Passo 18:
  8  1  7  5
  9 11  6 10
  _ 12 15  3
 14  2  4 13

Passo 19:
  8  1  7  5
  9 11  6 10
 12  _ 15  3
 14  2  4 13

Passo 20:
  8  1  7  5
  9  _  6 10
 12 11 15  3
 14  2  4 13

Passo 21:
  8  1  7  5
  9  6  _ 10
 12 11 15  3
 14  2  4 13

Passo 22:
  8  1  7  5
  9  6 10  _
 12 11 15  3
 14  2  4 13

Passo 23:
  8  1  7  5
  9  6 10  3
 12 11 15  _
 14  2  4 13

Passo 24:
  8  1  7  5
  9  6 10  3
 12 11  _ 15
 14  2  4 13

Passo 25:
  8  1  7  5
  9  6 10  3
 12  _ 11 15
 14  2  4 13

Passo 26:
  8  1  7  5
  9  6 10  3
 12  2 11 15
 14  _  4 13

Passo 27:
  8  1  7  5
  9  6 10  3
 12  2 11 15
  _ 14  4 13

Passo 28:
  8  1  7  5
  9  6 10  3
  _  2 11 15
 12 14  4 13

Passo 29:
  8  1  7  5
  _  6 10  3
  9  2 11 15
 12 14  4 13

Passo 30:
  _  1  7  5
  8  6 10  3
  9  2 11 15
 12 14  4 13

Passo 31:
  1  _  7  5
  8  6 10  3
  9  2 11 15
 12 14  4 13

Passo 32:
  1  6  7  5
  8  _ 10  3
  9  2 11 15
 12 14  4 13

Passo 33:
  1  6  7  5
  8  2 10  3
  9  _ 11 15
 12 14  4 13

Passo 34:
  1  6  7  5
  8  2 10  3
  9 14 11 15
 12  _  4 13

Passo 35:
  1  6  7  5
  8  2 10  3
  9 14 11 15
 12  4  _ 13

Passo 36:
  1  6  7  5
  8  2 10  3
  9 14 11 15
 12  4 13  _

Passo 37:
  1  6  7  5
  8  2 10  3
  9 14 11  _
 12  4 13 15

Passo 38:
  1  6  7  5
  8  2 10  3
  9 14  _ 11
 12  4 13 15

Passo 39:
  1  6  7  5
  8  2 10  3
  9  _ 14 11
 12  4 13 15

Passo 40:
  1  6  7  5
  8  2 10  3
  9  4 14 11
 12  _ 13 15

Passo 41:
  1  6  7  5
  8  2 10  3
  9  4 14 11
 12 13  _ 15

Passo 42:
  1  6  7  5
  8  2 10  3
  9  4  _ 11
 12 13 14 15

Passo 43:
  1  6  7  5
  8  2  _  3
  9  4 10 11
 12 13 14 15

Passo 44:
  1  6  _  5
  8  2  7  3
  9  4 10 11
 12 13 14 15

Passo 45:
  1  6  5  _
  8  2  7  3
  9  4 10 11
 12 13 14 15

Passo 46:
  1  6  5  3
  8  2  7  _
  9  4 10 11
 12 13 14 15

Passo 47:
  1  6  5  3
  8  2  _  7
  9  4 10 11
 12 13 14 15

Passo 48:
  1  6  _  3
  8  2  5  7
  9  4 10 11
 12 13 14 15

Passo 49:
  1  _  6  3
  8  2  5  7
  9  4 10 11
 12 13 14 15

Passo 50:
  1  2  6  3
  8  _  5  7
  9  4 10 11
 12 13 14 15

Passo 51:
  1  2  6  3
  8  4  5  7
  9  _ 10 11
 12 13 14 15

Passo 52:
  1  2  6  3
  8  4  5  7
  _  9 10 11
 12 13 14 15

Passo 53:
  1  2  6  3
  _  4  5  7
  8  9 10 11
 12 13 14 15

Passo 54:
  1  2  6  3
  4  _  5  7
  8  9 10 11
 12 13 14 15

Passo 55:
  1  2  6  3
  4  5  _  7
  8  9 10 11
 12 13 14 15

Passo 56:
  1  2  _  3
  4  5  6  7
  8  9 10 11
 12 13 14 15

Passo 57:
  1  _  2  3
  4  5  6  7
  8  9 10 11
 12 13 14 15

Passo 58:
  _  1  2  3
  4  5  6  7
  8  9 10 11
 12 13 14 15

