Algoritmo  : idastar_15p
Instancia  : 58
Heuristica : Manhattan + Conflito Linear
Status     : RESOLVIDO
Profundidade otima: 51 movimentos
Nos expandidos    : 1671110
Tempo             : 902.69 ms

--- Solucao Otima Passo a Passo ---

Estado inicial:
  5  _ 15  8
  4  6  1 14
 10 11  3  9
  7 12  2 13

Passo 1:
  5  6 15  8
  4  _  1 14
 10 11  3  9
  7 12  2 13

Passo 2:
  5  6 15  8
  4  1  _ 14
 10 11  3  9
  7 12  2 13

Passo 3:
  5  6 15  8
  4  1  3 14
 10 11  _  9
  7 12  2 13

Passo 4:
  5  6 15  8
  4  1  3 14
 10 11  2  9
  7 12  _ 13

Passo 5:
  5  6 15  8
  4  1  3 14
 10 11  2  9
  7 12 13  _

Passo 6:
  5  6 15  8
  4  1  3 14
 10 11  2  _
  7 12 13  9

Passo 7:
  5  6 15  8
  4  1  3  _
 10 11  2 14
  7 12 13  9

Passo 8:
  5  6 15  _
  4  1  3  8
 10 11  2 14
  7 12 13  9

Passo 9:
  5  6  _ 15
  4  1  3  8
 10 11  2 14
  7 12 13  9

Passo 10:
  5  6  3 15
  4  1  _  8
 10 11  2 14
  7 12 13  9

Passo 11:
  5  6  3 15
  4  1  2  8
 10 11  _ 14
  7 12 13  9

Passo 12:
  5  6  3 15
  4  1  2  8
 10  _ 11 14
  7 12 13  9

Passo 13:
  5  6  3 15
  4  1  2  8
  _ 10 11 14
  7 12 13  9

Passo 14:
  5  6  3 15
  4  1  2  8
  7 10 11 14
  _ 12 13  9

Passo 15:
  5  6  3 15
  4  1  2  8
  7 10 11 14
 12  _ 13  9

Passo 16:
  5  6  3 15
  4  1  2  8
  7  _ 11 14
 12 10 13  9

Passo 17:
  5  6  3 15
  4  1  2  8
  _  7 11 14
 12 10 13  9

Passo 18:
  5  6  3 15
  _  1  2  8
  4  7 11 14
 12 10 13  9

Passo 19:
  5  6  3 15
  1  _  2  8
  4  7 11 14
 12 10 13  9

Passo 20:
  5  6  3 15
  1  7  2  8
  4  _ 11 14
 12 10 13  9

Passo 21:
  5  6  3 15
  1  7  2  8
  4 10 11 14
 12  _ 13  9

Passo 22:
  5  6  3 15
  1  7  2  8
  4 10 11 14
 12 13  _  9

Passo 23:
  5  6  3 15
  1  7  2  8
  4 10 11 14
 12 13  9  _

Passo 24:
  5  6  3 15
  1  7  2  8
  4 10 11  _
 12 13  9 14

Passo 25:
  5  6  3 15
  1  7  2  _
  4 10 11  8
 12 13  9 14

Passo 26:
  5  6  3  _
  1  7  2 15
  4 10 11  8
 12 13  9 14

Passo 27:
  5  6  _  3
  1  7  2 15
  4 10 11  8
 12 13  9 14

Passo 28:
  5  6  2  3
  1  7  _ 15
  4 10 11  8
 12 13  9 14

Passo 29:
  5  6  2  3
  1  7 11 15
  4 10  _  8
 12 13  9 14

Passo 30:
  5  6  2  3
  1  7 11 15
  4 10  8  _
 12 13  9 14

Passo 31:
  5  6  2  3
  1  7 11  _
  4 10  8 15
 12 13  9 14

Passo 32:
  5  6  2  3
  1  7  _ 11
  4 10  8 15
 12 13  9 14

Passo 33:
  5  6  2  3
  1  _  7 11
  4 10  8 15
 12 13  9 14

Passo 34:
  5  6  2  3
  1 10  7 11
  4  _  8 15
 12 13  9 14

Passo 35:
  5  6  2  3
  1 10  7 11
  4  8  _ 15
 12 13  9 14

Passo 36:
  5  6  2  3
  1 10  7 11
  4  8  9 15
 12 13  _ 14

Passo 37:
  5  6  2  3
  1 10  7 11
  4  8  9 15
 12 13 14  _

Passo 38:
  5  6  2  3
  1 10  7 11
  4  8  9  _
 12 13 14 15

Passo 39:
  5  6  2  3
  1 10  7  _
  4  8  9 11
 12 13 14 15

Passo 40:
  5  6  2  3
  1 10  _  7
  4  8  9 11
 12 13 14 15

Passo 41:
  5  6  2  3
  1  _ 10  7
  4  8  9 11
 12 13 14 15

Passo 42:
  5  _  2  3
  1  6 10  7
  4  8  9 11
 12 13 14 15

Passo 43:
  _  5  2  3
  1  6 10  7
  4  8  9 11
 12 13 14 15

Passo 44:
  1  5  2  3
  _  6 10  7
  4  8  9 11
 12 13 14 15

Passo 45:
  1  5  2  3
  4  6 10  7
  _  8  9 11
 12 13 14 15

Passo 46:
  1  5  2  3
  4  6 10  7
  8  _  9 11
 12 13 14 15

Passo 47:
  1  5  2  3
  4  6 10  7
  8  9  _ 11
 12 13 14 15

Passo 48:
  1  5  2  3
  4  6  _  7
  8  9 10 11
 12 13 14 15

Passo 49:
  1  5  2  3
  4  _  6  7
  8  9 10 11
 12 13 14 15

Passo 50:
  1  _  2  3
  4  5  6  7
  8  9 10 11
 12 13 14 15

Passo 51:
  _  1  2  3
  4  5  6  7
  8  9 10 11
 12 13 14 15

