Algoritmo  : idastar_15p
Instancia  : 38
Heuristica : Manhattan + Conflito Linear
Status     : RESOLVIDO
Profundidade otima: 53 movimentos
Nos expandidos    : 4523766
Tempo             : 1861.21 ms

--- Solucao Otima Passo a Passo ---

Estado inicial:
  7 15  8  2
 13  6  3 12
 11  _  4 10
  9  5  1 14

Passo 1:
  7 15  8  2
 13  6  3 12
 11  4  _ 10
  9  5  1 14

Passo 2:
  7 15  8  2
 13  6  3 12
 11  4  1 10
  9  5  _ 14

Passo 3:
  7 15  8  2
 13  6  3 12
 11  4  1 10
  9  5 14  _

Passo 4:
  7 15  8  2
 13  6  3 12
 11  4  1  _
  9  5 14 10

Passo 5:
  7 15  8  2
 13  6  3  _
 11  4  1 12
  9  5 14 10

Passo 6:
  7 15  8  2
 13  6  _  3
 11  4  1 12
  9  5 14 10

Passo 7:
  7 15  8  2
 13  _  6  3
 11  4  1 12
  9  5 14 10

Passo 8:
  7 15  8  2
 13  4  6  3
 11  _  1 12
  9  5 14 10

Passo 9:
  7 15  8  2
 13  4  6  3
  _ 11  1 12
  9  5 14 10

Passo 10:
  7 15  8  2
  _  4  6  3
 13 11  1 12
  9  5 14 10

Passo 11:
  7 15  8  2
  4  _  6  3
 13 11  1 12
  9  5 14 10

Passo 12:
  7 15  8  2
  4  6  _  3
 13 11  1 12
  9  5 14 10

Passo 13:
  7 15  8  2
  4  6  1  3
 13 11  _ 12
  9  5 14 10

Passo 14:
  7 15  8  2
  4  6  1  3
 13  _ 11 12
  9  5 14 10

Passo 15:
  7 15  8  2
  4  _  1  3
 13  6 11 12
  9  5 14 10

Passo 16:
  7  _  8  2
  4 15  1  3
 13  6 11 12
  9  5 14 10

Passo 17:
  7  8  _  2
  4 15  1  3
 13  6 11 12
  9  5 14 10

Passo 18:
  7  8  1  2
  4 15  _  3
 13  6 11 12
  9  5 14 10

Passo 19:
  7  8  1  2
  4  _ 15  3
 13  6 11 12
  9  5 14 10

Passo 20:
  7  _  1  2
  4  8 15  3
 13  6 11 12
  9  5 14 10

Passo 21:
  _  7  1  2
  4  8 15  3
 13  6 11 12
  9  5 14 10

Passo 22:
  4  7  1  2
  _  8 15  3
 13  6 11 12
  9  5 14 10

Passo 23:
  4  7  1  2
  8  _ 15  3
 13  6 11 12
  9  5 14 10

Passo 24:
  4  _  1  2
  8  7 15  3
 13  6 11 12
  9  5 14 10

Passo 25:
  4  1  _  2
  8  7 15  3
 13  6 11 12
  9  5 14 10

Passo 26:
  4  1  2  _
  8  7 15  3
 13  6 11 12
  9  5 14 10

Passo 27:
  4  1  2  3
  8  7 15  _
 13  6 11 12
  9  5 14 10

Passo 28:
  4  1  2  3
  8  7  _ 15
 13  6 11 12
  9  5 14 10

Passo 29:
  4  1  2  3
  8  7 11 15
 13  6  _ 12
  9  5 14 10

Passo 30:
  4  1  2  3
  8  7 11 15
 13  6 12  _
  9  5 14 10

Passo 31:
  4  1  2  3
  8  7 11  _
 13  6 12 15
  9  5 14 10

Passo 32:
  4  1  2  3
  8  7  _ 11
 13  6 12 15
  9  5 14 10

Passo 33:
  4  1  2  3
  8  _  7 11
 13  6 12 15
  9  5 14 10

Passo 34:
  4  1  2  3
  8  6  7 11
 13  _ 12 15
  9  5 14 10

Passo 35:
  4  1  2  3
  8  6  7 11
 13  5 12 15
  9  _ 14 10

Passo 36:
  4  1  2  3
  8  6  7 11
 13  5 12 15
  9 14  _ 10

Passo 37:
  4  1  2  3
  8  6  7 11
 13  5 12 15
  9 14 10  _

Passo 38:
  4  1  2  3
  8  6  7 11
 13  5 12  _
  9 14 10 15

Passo 39:
  4  1  2  3
  8  6  7  _
 13  5 12 11
  9 14 10 15

Passo 40:
  4  1  2  3
  8  6  _  7
 13  5 12 11
  9 14 10 15

Passo 41:
  4  1  2  3
  8  _  6  7
 13  5 12 11
  9 14 10 15

Passo 42:
  4  1  2  3
  8  5  6  7
 13  _ 12 11
  9 14 10 15

Passo 43:
  4  1  2  3
  8  5  6  7
 13 12  _ 11
  9 14 10 15

Passo 44:
  4  1  2  3
  8  5  6  7
 13 12 10 11
  9 14  _ 15

Passo 45:
  4  1  2  3
  8  5  6  7
 13 12 10 11
  9  _ 14 15

Passo 46:
  4  1  2  3
  8  5  6  7
 13  _ 10 11
  9 12 14 15

Passo 47:
  4  1  2  3
  8  5  6  7
  _ 13 10 11
  9 12 14 15

Passo 48:
  4  1  2  3
  8  5  6  7
  9 13 10 11
  _ 12 14 15

Passo 49:
  4  1  2  3
  8  5  6  7
  9 13 10 11
 12  _ 14 15

Passo 50:
  4  1  2  3
  8  5  6  7
  9  _ 10 11
 12 13 14 15

Passo 51:
  4  1  2  3
  8  5  6  7
  _  9 10 11
 12 13 14 15

Passo 52:
  4  1  2  3
  _  5  6  7
  8  9 10 11
 12 13 14 15

Passo 53:
  _  1  2  3
  4  5  6  7
  8  9 10 11
 12 13 14 15

