Algoritmo  : idastar_15p
Instancia  : 99
Heuristica : Manhattan + Conflito Linear
Status     : RESOLVIDO
Profundidade otima: 57 movimentos
Nos expandidos    : 22218395
Tempo             : 11111.31 ms

--- Solucao Otima Passo a Passo ---

Estado inicial:
  7 15  4  _
 10  9  2  5
 12 11 13  6
  1  3 14  8

Passo 1:
  7 15  4  5
 10  9  2  _
 12 11 13  6
  1  3 14  8

Passo 2:
  7 15  4  5
 10  9  _  2
 12 11 13  6
  1  3 14  8

Passo 3:
  7 15  _  5
 10  9  4  2
 12 11 13  6
  1  3 14  8

Passo 4:
  7  _ 15  5
 10  9  4  2
 12 11 13  6
  1  3 14  8

Passo 5:
  7  9 15  5
 10  _  4  2
 12 11 13  6
  1  3 14  8

Passo 6:
  7  9 15  5
 10  4  _  2
 12 11 13  6
  1  3 14  8

Passo 7:
  7  9  _  5
 10  4 15  2
 12 11 13  6
  1  3 14  8

Passo 8:
  7  9  5  _
 10  4 15  2
 12 11 13  6
  1  3 14  8

Passo 9:
  7  9  5  2
 10  4 15  _
 12 11 13  6
  1  3 14  8

Passo 10:
  7  9  5  2
 10  4 15  6
 12 11 13  _
  1  3 14  8

Passo 11:
  7  9  5  2
 10  4 15  6
 12 11 13  8
  1  3 14  _

Passo 12:
  7  9  5  2
 10  4 15  6
 12 11 13  8
  1  3  _ 14

Passo 13:
  7  9  5  2
 10  4 15  6
 12 11  _  8
  1  3 13 14

Passo 14:
  7  9  5  2
 10  4 15  6
 12  _ 11  8
  1  3 13 14

Passo 15:
  7  9  5  2
 10  4 15  6
 12  3 11  8
  1  _ 13 14

Passo 16:
  7  9  5  2
 10  4 15  6
 12  3 11  8
  _  1 13 14

Passo 17:
  7  9  5  2
 10  4 15  6
  _  3 11  8
 12  1 13 14

Passo 18:
  7  9  5  2
  _  4 15  6
 10  3 11  8
 12  1 13 14

Passo 19:
  7  9  5  2
  4  _ 15  6
 10  3 11  8
 12  1 13 14

Passo 20:
  7  _  5  2
  4  9 15  6
 10  3 11  8
 12  1 13 14

Passo 21:
  _  7  5  2
  4  9 15  6
 10  3 11  8
 12  1 13 14

Passo 22:
  4  7  5  2
  _  9 15  6
 10  3 11  8
 12  1 13 14

Passo 23:
  4  7  5  2
  9  _ 15  6
 10  3 11  8
 12  1 13 14

Passo 24:
  4  7  5  2
  9  3 15  6
 10  _ 11  8
 12  1 13 14

Passo 25:
  4  7  5  2
  9  3 15  6
 10  1 11  8
 12  _ 13 14

Passo 26:
  4  7  5  2
  9  3 15  6
 10  1 11  8
 12 13  _ 14

Passo 27:
  4  7  5  2
  9  3 15  6
 10  1  _  8
 12 13 11 14

Passo 28:
  4  7  5  2
  9  3 15  6
 10  1  8  _
 12 13 11 14

Passo 29:
  4  7  5  2
  9  3 15  _
 10  1  8  6
 12 13 11 14

Passo 30:
  4  7  5  2
  9  3  _ 15
 10  1  8  6
 12 13 11 14

Passo 31:
  4  7  5  2
  9  _  3 15
 10  1  8  6
 12 13 11 14

Passo 32:
  4  7  5  2
  9  1  3 15
 10  _  8  6
 12 13 11 14

Passo 33:
  4  7  5  2
  9  1  3 15
 10  8  _  6
 12 13 11 14

Passo 34:
  4  7  5  2
  9  1  3 15
 10  8  6  _
 12 13 11 14

Passo 35:
  4  7  5  2
  9  1  3  _
 10  8  6 15
 12 13 11 14

Passo 36:
  4  7  5  2
  9  1  _  3
 10  8  6 15
 12 13 11 14

Passo 37:
  4  7  _  2
  9  1  5  3
 10  8  6 15
 12 13 11 14

Passo 38:
  4  _  7  2
  9  1  5  3
 10  8  6 15
 12 13 11 14

Passo 39:
  4  1  7  2
  9  _  5  3
 10  8  6 15
 12 13 11 14

Passo 40:
  4  1  7  2
  9  8  5  3
 10  _  6 15
 12 13 11 14

Passo 41:
  4  1  7  2
  9  8  5  3
  _ 10  6 15
 12 13 11 14

Passo 42:
  4  1  7  2
  _  8  5  3
  9 10  6 15
 12 13 11 14

Passo 43:
  4  1  7  2
  8  _  5  3
  9 10  6 15
 12 13 11 14

Passo 44:
  4  1  7  2
  8  5  _  3
  9 10  6 15
 12 13 11 14

Passo 45:
  4  1  _  2
  8  5  7  3
  9 10  6 15
 12 13 11 14

Passo 46:
  4  1  2  _
  8  5  7  3
  9 10  6 15
 12 13 11 14

Passo 47:
  4  1  2  3
  8  5  7  _
  9 10  6 15
 12 13 11 14

Passo 48:
  4  1  2  3
  8  5  _  7
  9 10  6 15
 12 13 11 14

Passo 49:
  4  1  2  3
  8  5  6  7
  9 10  _ 15
 12 13 11 14

Passo 50:
  4  1  2  3
  8  5  6  7
  9 10 11 15
 12 13  _ 14

Passo 51:
  4  1  2  3
  8  5  6  7
  9 10 11 15
 12 13 14  _

Passo 52:
  4  1  2  3
  8  5  6  7
  9 10 11  _
 12 13 14 15

Passo 53:
  4  1  2  3
  8  5  6  7
  9 10  _ 11
 12 13 14 15

Passo 54:
  4  1  2  3
  8  5  6  7
  9  _ 10 11
 12 13 14 15

Passo 55:
  4  1  2  3
  8  5  6  7
  _  9 10 11
 12 13 14 15

Passo 56:
  4  1  2  3
  _  5  6  7
  8  9 10 11
 12 13 14 15

Passo 57:
  _  1  2  3
  4  5  6  7
  8  9 10 11
 12 13 14 15

