Algoritmo  : idastar_15p
Instancia  : 43
Heuristica : Manhattan + Conflito Linear
Status     : RESOLVIDO
Profundidade otima: 64 movimentos
Nos expandidos    : 9609075
Tempo             : 7929.47 ms

--- Solucao Otima Passo a Passo ---

Estado inicial:
 11 15 14 13
  1  9 10  4
  3  6  2 12
  7  5  8  _

Passo 1:
 11 15 14 13
  1  9 10  4
  3  6  2  _
  7  5  8 12

Passo 2:
 11 15 14 13
  1  9 10  _
  3  6  2  4
  7  5  8 12

Passo 3:
 11 15 14  _
  1  9 10 13
  3  6  2  4
  7  5  8 12

Passo 4:
 11 15  _ 14
  1  9 10 13
  3  6  2  4
  7  5  8 12

Passo 5:
 11  _ 15 14
  1  9 10 13
  3  6  2  4
  7  5  8 12

Passo 6:
  _ 11 15 14
  1  9 10 13
  3  6  2  4
  7  5  8 12

Passo 7:
  1 11 15 14
  _  9 10 13
  3  6  2  4
  7  5  8 12

Passo 8:
  1 11 15 14
  3  9 10 13
  _  6  2  4
  7  5  8 12

Passo 9:
  1 11 15 14
  3  9 10 13
  7  6  2  4
  _  5  8 12

Passo 10:
  1 11 15 14
  3  9 10 13
  7  6  2  4
  5  _  8 12

Passo 11:
  1 11 15 14
  3  9 10 13
  7  _  2  4
  5  6  8 12

Passo 12:
  1 11 15 14
  3  _ 10 13
  7  9  2  4
  5  6  8 12

Passo 13:
  1 11 15 14
  _  3 10 13
  7  9  2  4
  5  6  8 12

Passo 14:
  1 11 15 14
  7  3 10 13
  _  9  2  4
  5  6  8 12

Passo 15:
  1 11 15 14
  7  3 10 13
  9  _  2  4
  5  6  8 12

Passo 16:
  1 11 15 14
  7  3 10 13
  9  2  _  4
  5  6  8 12

Passo 17:
  1 11 15 14
  7  3 10 13
  9  2  4  _
  5  6  8 12

Passo 18:
  1 11 15 14
  7  3 10  _
  9  2  4 13
  5  6  8 12

Passo 19:
  1 11 15  _
  7  3 10 14
  9  2  4 13
  5  6  8 12

Passo 20:
  1 11  _ 15
  7  3 10 14
  9  2  4 13
  5  6  8 12

Passo 21:
  1  _ 11 15
  7  3 10 14
  9  2  4 13
  5  6  8 12

Passo 22:
  1  3 11 15
  7  _ 10 14
  9  2  4 13
  5  6  8 12

Passo 23:
  1  3 11 15
  7  2 10 14
  9  _  4 13
  5  6  8 12

Passo 24:
  1  3 11 15
  7  2 10 14
  9  6  4 13
  5  _  8 12

Passo 25:
  1  3 11 15
  7  2 10 14
  9  6  4 13
  5  8  _ 12

Passo 26:
  1  3 11 15
  7  2 10 14
  9  6  4 13
  5  8 12  _

Passo 27:
  1  3 11 15
  7  2 10 14
  9  6  4  _
  5  8 12 13

Passo 28:
  1  3 11 15
  7  2 10  _
  9  6  4 14
  5  8 12 13

Passo 29:
  1  3 11  _
  7  2 10 15
  9  6  4 14
  5  8 12 13

Passo 30:
  1  3  _ 11
  7  2 10 15
  9  6  4 14
  5  8 12 13

Passo 31:
  1  _  3 11
  7  2 10 15
  9  6  4 14
  5  8 12 13

Passo 32:
  1  2  3 11
  7  _ 10 15
  9  6  4 14
  5  8 12 13

Passo 33:
  1  2  3 11
  7  6 10 15
  9  _  4 14
  5  8 12 13

Passo 34:
  1  2  3 11
  7  6 10 15
  _  9  4 14
  5  8 12 13

Passo 35:
  1  2  3 11
  7  6 10 15
  5  9  4 14
  _  8 12 13

Passo 36:
  1  2  3 11
  7  6 10 15
  5  9  4 14
  8  _ 12 13

Passo 37:
  1  2  3 11
  7  6 10 15
  5  _  4 14
  8  9 12 13

Passo 38:
  1  2  3 11
  7  6 10 15
  5  4  _ 14
  8  9 12 13

Passo 39:
  1  2  3 11
  7  6  _ 15
  5  4 10 14
  8  9 12 13

Passo 40:
  1  2  3 11
  7  _  6 15
  5  4 10 14
  8  9 12 13

Passo 41:
  1  2  3 11
  _  7  6 15
  5  4 10 14
  8  9 12 13

Passo 42:
  1  2  3 11
  5  7  6 15
  _  4 10 14
  8  9 12 13

Passo 43:
  1  2  3 11
  5  7  6 15
  4  _ 10 14
  8  9 12 13

Passo 44:
  1  2  3 11
  5  7  6 15
  4  9 10 14
  8  _ 12 13

Passo 45:
  1  2  3 11
  5  7  6 15
  4  9 10 14
  8 12  _ 13

Passo 46:
  1  2  3 11
  5  7  6 15
  4  9 10 14
  8 12 13  _

Passo 47:
  1  2  3 11
  5  7  6 15
  4  9 10  _
  8 12 13 14

Passo 48:
  1  2  3 11
  5  7  6  _
  4  9 10 15
  8 12 13 14

Passo 49:
  1  2  3  _
  5  7  6 11
  4  9 10 15
  8 12 13 14

Passo 50:
  1  2  _  3
  5  7  6 11
  4  9 10 15
  8 12 13 14

Passo 51:
  1  2  6  3
  5  7  _ 11
  4  9 10 15
  8 12 13 14

Passo 52:
  1  2  6  3
  5  _  7 11
  4  9 10 15
  8 12 13 14

Passo 53:
  1  2  6  3
  _  5  7 11
  4  9 10 15
  8 12 13 14

Passo 54:
  1  2  6  3
  4  5  7 11
  _  9 10 15
  8 12 13 14

Passo 55:
  1  2  6  3
  4  5  7 11
  8  9 10 15
  _ 12 13 14

Passo 56:
  1  2  6  3
  4  5  7 11
  8  9 10 15
 12  _ 13 14

Passo 57:
  1  2  6  3
  4  5  7 11
  8  9 10 15
 12 13  _ 14

Passo 58:
  1  2  6  3
  4  5  7 11
  8  9 10 15
 12 13 14  _

Passo 59:
  1  2  6  3
  4  5  7 11
  8  9 10  _
 12 13 14 15

Passo 60:
  1  2  6  3
  4  5  7  _
  8  9 10 11
 12 13 14 15

Passo 61:
  1  2  6  3
  4  5  _  7
  8  9 10 11
 12 13 14 15

Passo 62:
  1  2  _  3
  4  5  6  7
  8  9 10 11
 12 13 14 15

Passo 63:
  1  _  2  3
  4  5  6  7
  8  9 10 11
 12 13 14 15

Passo 64:
  _  1  2  3
  4  5  6  7
  8  9 10 11
 12 13 14 15

