Algoritmo  : idastar_15p
Instancia  : 14
Heuristica : Manhattan + Conflito Linear
Status     : RESOLVIDO
Profundidade otima: 59 movimentos
Nos expandidos    : 31530551
Tempo             : 11835.83 ms

--- Solucao Otima Passo a Passo ---

Estado inicial:
  7  6  8  1
 11  5 14 10
  3  4  9 13
 15  2  _ 12

Passo 1:
  7  6  8  1
 11  5 14 10
  3  4  9 13
 15  2 12  _

Passo 2:
  7  6  8  1
 11  5 14 10
  3  4  9  _
 15  2 12 13

Passo 3:
  7  6  8  1
 11  5 14  _
  3  4  9 10
 15  2 12 13

Passo 4:
  7  6  8  1
 11  5  _ 14
  3  4  9 10
 15  2 12 13

Passo 5:
  7  6  _  1
 11  5  8 14
  3  4  9 10
 15  2 12 13

Passo 6:
  7  _  6  1
 11  5  8 14
  3  4  9 10
 15  2 12 13

Passo 7:
  7  5  6  1
 11  _  8 14
  3  4  9 10
 15  2 12 13

Passo 8:
  7  5  6  1
 11  4  8 14
  3  _  9 10
 15  2 12 13

Passo 9:
  7  5  6  1
 11  4  8 14
  _  3  9 10
 15  2 12 13

Passo 10:
  7  5  6  1
 11  4  8 14
 15  3  9 10
  _  2 12 13

Passo 11:
  7  5  6  1
 11  4  8 14
 15  3  9 10
  2  _ 12 13

Passo 12:
  7  5  6  1
 11  4  8 14
 15  3  9 10
  2 12  _ 13

Passo 13:
  7  5  6  1
 11  4  8 14
 15  3  _ 10
  2 12  9 13

Passo 14:
  7  5  6  1
 11  4  8 14
 15  _  3 10
  2 12  9 13

Passo 15:
  7  5  6  1
 11  4  8 14
  _ 15  3 10
  2 12  9 13

Passo 16:
  7  5  6  1
  _  4  8 14
 11 15  3 10
  2 12  9 13

Passo 17:
  _  5  6  1
  7  4  8 14
 11 15  3 10
  2 12  9 13

Passo 18:
  5  _  6  1
  7  4  8 14
 11 15  3 10
  2 12  9 13

Passo 19:
  5  4  6  1
  7  _  8 14
 11 15  3 10
  2 12  9 13

Passo 20:
  5  4  6  1
  7  8  _ 14
 11 15  3 10
  2 12  9 13

Passo 21:
  5  4  6  1
  7  8  3 14
 11 15  _ 10
  2 12  9 13

Passo 22:
  5  4  6  1
  7  8  3 14
 11 15 10  _
  2 12  9 13

Passo 23:
  5  4  6  1
  7  8  3  _
 11 15 10 14
  2 12  9 13

Passo 24:
  5  4  6  1
  7  8  _  3
 11 15 10 14
  2 12  9 13

Passo 25:
  5  4  6  1
  7  8 10  3
 11 15  _ 14
  2 12  9 13

Passo 26:
  5  4  6  1
  7  8 10  3
 11  _ 15 14
  2 12  9 13

Passo 27:
  5  4  6  1
  7  8 10  3
  _ 11 15 14
  2 12  9 13

Passo 28:
  5  4  6  1
  7  8 10  3
  2 11 15 14
  _ 12  9 13

Passo 29:
  5  4  6  1
  7  8 10  3
  2 11 15 14
 12  _  9 13

Passo 30:
  5  4  6  1
  7  8 10  3
  2 11 15 14
 12  9  _ 13

Passo 31:
  5  4  6  1
  7  8 10  3
  2 11 15 14
 12  9 13  _

Passo 32:
  5  4  6  1
  7  8 10  3
  2 11 15  _
 12  9 13 14

Passo 33:
  5  4  6  1
  7  8 10  3
  2 11  _ 15
 12  9 13 14

Passo 34:
  5  4  6  1
  7  8 10  3
  2  _ 11 15
 12  9 13 14

Passo 35:
  5  4  6  1
  7  _ 10  3
  2  8 11 15
 12  9 13 14

Passo 36:
  5  4  6  1
  _  7 10  3
  2  8 11 15
 12  9 13 14

Passo 37:
  5  4  6  1
  2  7 10  3
  _  8 11 15
 12  9 13 14

Passo 38:
  5  4  6  1
  2  7 10  3
  8  _ 11 15
 12  9 13 14

Passo 39:
  5  4  6  1
  2  7 10  3
  8  9 11 15
 12  _ 13 14

Passo 40:
  5  4  6  1
  2  7 10  3
  8  9 11 15
 12 13  _ 14

Passo 41:
  5  4  6  1
  2  7 10  3
  8  9 11 15
 12 13 14  _

Passo 42:
  5  4  6  1
  2  7 10  3
  8  9 11  _
 12 13 14 15

Passo 43:
  5  4  6  1
  2  7 10  3
  8  9  _ 11
 12 13 14 15

Passo 44:
  5  4  6  1
  2  7  _  3
  8  9 10 11
 12 13 14 15

Passo 45:
  5  4  6  1
  2  _  7  3
  8  9 10 11
 12 13 14 15

Passo 46:
  5  4  6  1
  _  2  7  3
  8  9 10 11
 12 13 14 15

Passo 47:
  _  4  6  1
  5  2  7  3
  8  9 10 11
 12 13 14 15

Passo 48:
  4  _  6  1
  5  2  7  3
  8  9 10 11
 12 13 14 15

Passo 49:
  4  6  _  1
  5  2  7  3
  8  9 10 11
 12 13 14 15

Passo 50:
  4  6  1  _
  5  2  7  3
  8  9 10 11
 12 13 14 15

Passo 51:
  4  6  1  3
  5  2  7  _
  8  9 10 11
 12 13 14 15

Passo 52:
  4  6  1  3
  5  2  _  7
  8  9 10 11
 12 13 14 15

Passo 53:
  4  6  1  3
  5  _  2  7
  8  9 10 11
 12 13 14 15

Passo 54:
  4  _  1  3
  5  6  2  7
  8  9 10 11
 12 13 14 15

Passo 55:
  4  1  _  3
  5  6  2  7
  8  9 10 11
 12 13 14 15

Passo 56:
  4  1  2  3
  5  6  _  7
  8  9 10 11
 12 13 14 15

Passo 57:
  4  1  2  3
  5  _  6  7
  8  9 10 11
 12 13 14 15

Passo 58:
  4  1  2  3
  _  5  6  7
  8  9 10 11
 12 13 14 15

Passo 59:
  _  1  2  3
  4  5  6  7
  8  9 10 11
 12 13 14 15

