Algoritmo  : idastar_15p
Instancia  : 63
Heuristica : Manhattan + Conflito Linear
Status     : RESOLVIDO
Profundidade otima: 56 movimentos
Nos expandidos    : 16059243
Tempo             : 7971.35 ms

--- Solucao Otima Passo a Passo ---

Estado inicial:
  8 10  9 11
 14  1  7 15
 13  4  _ 12
  6  2  5  3

Passo 1:
  8 10  9 11
 14  1  7 15
 13  4 12  _
  6  2  5  3

Passo 2:
  8 10  9 11
 14  1  7  _
 13  4 12 15
  6  2  5  3

Passo 3:
  8 10  9  _
 14  1  7 11
 13  4 12 15
  6  2  5  3

Passo 4:
  8 10  _  9
 14  1  7 11
 13  4 12 15
  6  2  5  3

Passo 5:
  8 10  7  9
 14  1  _ 11
 13  4 12 15
  6  2  5  3

Passo 6:
  8 10  7  9
 14  1 11  _
 13  4 12 15
  6  2  5  3

Passo 7:
  8 10  7  _
 14  1 11  9
 13  4 12 15
  6  2  5  3

Passo 8:
  8 10  _  7
 14  1 11  9
 13  4 12 15
  6  2  5  3

Passo 9:
  8  _ 10  7
 14  1 11  9
 13  4 12 15
  6  2  5  3

Passo 10:
  8  1 10  7
 14  _ 11  9
 13  4 12 15
  6  2  5  3

Passo 11:
  8  1 10  7
 14  4 11  9
 13  _ 12 15
  6  2  5  3

Passo 12:
  8  1 10  7
 14  4 11  9
 13 12  _ 15
  6  2  5  3

Passo 13:
  8  1 10  7
 14  4 11  9
 13 12  5 15
  6  2  _  3

Passo 14:
  8  1 10  7
 14  4 11  9
 13 12  5 15
  6  2  3  _

Passo 15:
  8  1 10  7
 14  4 11  9
 13 12  5  _
  6  2  3 15

Passo 16:
  8  1 10  7
 14  4 11  _
 13 12  5  9
  6  2  3 15

Passo 17:
  8  1 10  7
 14  4  _ 11
 13 12  5  9
  6  2  3 15

Passo 18:
  8  1 10  7
 14  4  5 11
 13 12  _  9
  6  2  3 15

Passo 19:
  8  1 10  7
 14  4  5 11
 13 12  3  9
  6  2  _ 15

Passo 20:
  8  1 10  7
 14  4  5 11
 13 12  3  9
  6  _  2 15

Passo 21:
  8  1 10  7
 14  4  5 11
 13  _  3  9
  6 12  2 15

Passo 22:
  8  1 10  7
 14  4  5 11
  _ 13  3  9
  6 12  2 15

Passo 23:
  8  1 10  7
  _  4  5 11
 14 13  3  9
  6 12  2 15

Passo 24:
  _  1 10  7
  8  4  5 11
 14 13  3  9
  6 12  2 15

Passo 25:
  1  _ 10  7
  8  4  5 11
 14 13  3  9
  6 12  2 15

Passo 26:
  1 10  _  7
  8  4  5 11
 14 13  3  9
  6 12  2 15

Passo 27:
  1 10  5  7
  8  4  _ 11
 14 13  3  9
  6 12  2 15

Passo 28:
  1 10  5  7
  8  4  3 11
 14 13  _  9
  6 12  2 15

Passo 29:
  1 10  5  7
  8  4  3 11
 14  _ 13  9
  6 12  2 15

Passo 30:
  1 10  5  7
  8  4  3 11
  _ 14 13  9
  6 12  2 15

Passo 31:
  1 10  5  7
  8  4  3 11
  6 14 13  9
  _ 12  2 15

Passo 32:
  1 10  5  7
  8  4  3 11
  6 14 13  9
 12  _  2 15

Passo 33:
  1 10  5  7
  8  4  3 11
  6  _ 13  9
 12 14  2 15

Passo 34:
  1 10  5  7
  8  4  3 11
  6 13  _  9
 12 14  2 15

Passo 35:
  1 10  5  7
  8  4  3 11
  6 13  2  9
 12 14  _ 15

Passo 36:
  1 10  5  7
  8  4  3 11
  6 13  2  9
 12  _ 14 15

Passo 37:
  1 10  5  7
  8  4  3 11
  6  _  2  9
 12 13 14 15

Passo 38:
  1 10  5  7
  8  4  3 11
  _  6  2  9
 12 13 14 15

Passo 39:
  1 10  5  7
  _  4  3 11
  8  6  2  9
 12 13 14 15

Passo 40:
  1 10  5  7
  4  _  3 11
  8  6  2  9
 12 13 14 15

Passo 41:
  1  _  5  7
  4 10  3 11
  8  6  2  9
 12 13 14 15

Passo 42:
  1  5  _  7
  4 10  3 11
  8  6  2  9
 12 13 14 15

Passo 43:
  1  5  3  7
  4 10  _ 11
  8  6  2  9
 12 13 14 15

Passo 44:
  1  5  3  7
  4 10  2 11
  8  6  _  9
 12 13 14 15

Passo 45:
  1  5  3  7
  4 10  2 11
  8  6  9  _
 12 13 14 15

Passo 46:
  1  5  3  7
  4 10  2  _
  8  6  9 11
 12 13 14 15

Passo 47:
  1  5  3  _
  4 10  2  7
  8  6  9 11
 12 13 14 15

Passo 48:
  1  5  _  3
  4 10  2  7
  8  6  9 11
 12 13 14 15

Passo 49:
  1  5  2  3
  4 10  _  7
  8  6  9 11
 12 13 14 15

Passo 50:
  1  5  2  3
  4  _ 10  7
  8  6  9 11
 12 13 14 15

Passo 51:
  1  5  2  3
  4  6 10  7
  8  _  9 11
 12 13 14 15

Passo 52:
  1  5  2  3
  4  6 10  7
  8  9  _ 11
 12 13 14 15

Passo 53:
  1  5  2  3
  4  6  _  7
  8  9 10 11
 12 13 14 15

Passo 54:
  1  5  2  3
  4  _  6  7
  8  9 10 11
 12 13 14 15

Passo 55:
  1  _  2  3
  4  5  6  7
  8  9 10 11
 12 13 14 15

Passo 56:
  _  1  2  3
  4  5  6  7
  8  9 10 11
 12 13 14 15

