Algoritmo  : idastar_15p
Instancia  : 48
Heuristica : Manhattan + Conflito Linear
Status     : RESOLVIDO
Profundidade otima: 49 movimentos
Nos expandidos    : 245465
Tempo             : 225.93 ms

--- Solucao Otima Passo a Passo ---

Estado inicial:
  8 11  4  6
  7  3 10  9
  2 12 15 13
  _  1  5 14

Passo 1:
  8 11  4  6
  7  3 10  9
  2 12 15 13
  1  _  5 14

Passo 2:
  8 11  4  6
  7  3 10  9
  2  _ 15 13
  1 12  5 14

Passo 3:
  8 11  4  6
  7  3 10  9
  _  2 15 13
  1 12  5 14

Passo 4:
  8 11  4  6
  7  3 10  9
  1  2 15 13
  _ 12  5 14

Passo 5:
  8 11  4  6
  7  3 10  9
  1  2 15 13
 12  _  5 14

Passo 6:
  8 11  4  6
  7  3 10  9
  1  2 15 13
 12  5  _ 14

Passo 7:
  8 11  4  6
  7  3 10  9
  1  2  _ 13
 12  5 15 14

Passo 8:
  8 11  4  6
  7  3 10  9
  1  2 13  _
 12  5 15 14

Passo 9:
  8 11  4  6
  7  3 10  9
  1  2 13 14
 12  5 15  _

Passo 10:
  8 11  4  6
  7  3 10  9
  1  2 13 14
 12  5  _ 15

Passo 11:
  8 11  4  6
  7  3 10  9
  1  2  _ 14
 12  5 13 15

Passo 12:
  8 11  4  6
  7  3 10  9
  1  2 14  _
 12  5 13 15

Passo 13:
  8 11  4  6
  7  3 10  _
  1  2 14  9
 12  5 13 15

Passo 14:
  8 11  4  6
  7  3  _ 10
  1  2 14  9
 12  5 13 15

Passo 15:
  8 11  4  6
  7  _  3 10
  1  2 14  9
 12  5 13 15

Passo 16:
  8 11  4  6
  7  2  3 10
  1  _ 14  9
 12  5 13 15

Passo 17:
  8 11  4  6
  7  2  3 10
  1  5 14  9
 12  _ 13 15

Passo 18:
  8 11  4  6
  7  2  3 10
  1  5 14  9
 12 13  _ 15

Passo 19:
  8 11  4  6
  7  2  3 10
  1  5  _  9
 12 13 14 15

Passo 20:
  8 11  4  6
  7  2  3 10
  1  5  9  _
 12 13 14 15

Passo 21:
  8 11  4  6
  7  2  3  _
  1  5  9 10
 12 13 14 15

Passo 22:
  8 11  4  6
  7  2  _  3
  1  5  9 10
 12 13 14 15

Passo 23:
  8 11  4  6
  7  _  2  3
  1  5  9 10
 12 13 14 15

Passo 24:
  8  _  4  6
  7 11  2  3
  1  5  9 10
 12 13 14 15

Passo 25:
  8  4  _  6
  7 11  2  3
  1  5  9 10
 12 13 14 15

Passo 26:
  8  4  2  6
  7 11  _  3
  1  5  9 10
 12 13 14 15

Passo 27:
  8  4  2  6
  7  _ 11  3
  1  5  9 10
 12 13 14 15

Passo 28:
  8  4  2  6
  _  7 11  3
  1  5  9 10
 12 13 14 15

Passo 29:
  _  4  2  6
  8  7 11  3
  1  5  9 10
 12 13 14 15

Passo 30:
  4  _  2  6
  8  7 11  3
  1  5  9 10
 12 13 14 15

Passo 31:
  4  2  _  6
  8  7 11  3
  1  5  9 10
 12 13 14 15

Passo 32:
  4  2  6  _
  8  7 11  3
  1  5  9 10
 12 13 14 15

Passo 33:
  4  2  6  3
  8  7 11  _
  1  5  9 10
 12 13 14 15

Passo 34:
  4  2  6  3
  8  7  _ 11
  1  5  9 10
 12 13 14 15

Passo 35:
  4  2  6  3
  8  _  7 11
  1  5  9 10
 12 13 14 15

Passo 36:
  4  2  6  3
  8  5  7 11
  1  _  9 10
 12 13 14 15

Passo 37:
  4  2  6  3
  8  5  7 11
  _  1  9 10
 12 13 14 15

Passo 38:
  4  2  6  3
  _  5  7 11
  8  1  9 10
 12 13 14 15

Passo 39:
  4  2  6  3
  5  _  7 11
  8  1  9 10
 12 13 14 15

Passo 40:
  4  2  6  3
  5  1  7 11
  8  _  9 10
 12 13 14 15

Passo 41:
  4  2  6  3
  5  1  7 11
  8  9  _ 10
 12 13 14 15

Passo 42:
  4  2  6  3
  5  1  7 11
  8  9 10  _
 12 13 14 15

Passo 43:
  4  2  6  3
  5  1  7  _
  8  9 10 11
 12 13 14 15

Passo 44:
  4  2  6  3
  5  1  _  7
  8  9 10 11
 12 13 14 15

Passo 45:
  4  2  _  3
  5  1  6  7
  8  9 10 11
 12 13 14 15

Passo 46:
  4  _  2  3
  5  1  6  7
  8  9 10 11
 12 13 14 15

Passo 47:
  4  1  2  3
  5  _  6  7
  8  9 10 11
 12 13 14 15

Passo 48:
  4  1  2  3
  _  5  6  7
  8  9 10 11
 12 13 14 15

Passo 49:
  _  1  2  3
  4  5  6  7
  8  9 10 11
 12 13 14 15

