Algoritmo  : idastar_15p
Instancia  : 45
Heuristica : Manhattan + Conflito Linear
Status     : RESOLVIDO
Profundidade otima: 51 movimentos
Nos expandidos    : 1497003
Tempo             : 1387.73 ms

--- Solucao Otima Passo a Passo ---

Estado inicial:
  3 14  9  7
 12 15  _  4
  1  8  5  6
 11 10  2 13

Passo 1:
  3 14  9  7
 12  _ 15  4
  1  8  5  6
 11 10  2 13

Passo 2:
  3 14  9  7
  _ 12 15  4
  1  8  5  6
 11 10  2 13

Passo 3:
  3 14  9  7
  1 12 15  4
  _  8  5  6
 11 10  2 13

Passo 4:
  3 14  9  7
  1 12 15  4
  8  _  5  6
 11 10  2 13

Passo 5:
  3 14  9  7
  1  _ 15  4
  8 12  5  6
 11 10  2 13

Passo 6:
  3  _  9  7
  1 14 15  4
  8 12  5  6
 11 10  2 13

Passo 7:
  _  3  9  7
  1 14 15  4
  8 12  5  6
 11 10  2 13

Passo 8:
  1  3  9  7
  _ 14 15  4
  8 12  5  6
 11 10  2 13

Passo 9:
  1  3  9  7
  8 14 15  4
  _ 12  5  6
 11 10  2 13

Passo 10:
  1  3  9  7
  8 14 15  4
 12  _  5  6
 11 10  2 13

Passo 11:
  1  3  9  7
  8 14 15  4
 12 10  5  6
 11  _  2 13

Passo 12:
  1  3  9  7
  8 14 15  4
 12 10  5  6
  _ 11  2 13

Passo 13:
  1  3  9  7
  8 14 15  4
  _ 10  5  6
 12 11  2 13

Passo 14:
  1  3  9  7
  8 14 15  4
 10  _  5  6
 12 11  2 13

Passo 15:
  1  3  9  7
  8 14 15  4
 10  5  _  6
 12 11  2 13

Passo 16:
  1  3  9  7
  8 14  _  4
 10  5 15  6
 12 11  2 13

Passo 17:
  1  3  9  7
  8 14  4  _
 10  5 15  6
 12 11  2 13

Passo 18:
  1  3  9  7
  8 14  4  6
 10  5 15  _
 12 11  2 13

Passo 19:
  1  3  9  7
  8 14  4  6
 10  5  _ 15
 12 11  2 13

Passo 20:
  1  3  9  7
  8 14  4  6
 10  5  2 15
 12 11  _ 13

Passo 21:
  1  3  9  7
  8 14  4  6
 10  5  2 15
 12  _ 11 13

Passo 22:
  1  3  9  7
  8 14  4  6
 10  _  2 15
 12  5 11 13

Passo 23:
  1  3  9  7
  8  _  4  6
 10 14  2 15
 12  5 11 13

Passo 24:
  1  3  9  7
  8  4  _  6
 10 14  2 15
 12  5 11 13

Passo 25:
  1  3  9  7
  8  4  2  6
 10 14  _ 15
 12  5 11 13

Passo 26:
  1  3  9  7
  8  4  2  6
 10 14 11 15
 12  5  _ 13

Passo 27:
  1  3  9  7
  8  4  2  6
 10 14 11 15
 12  5 13  _

Passo 28:
  1  3  9  7
  8  4  2  6
 10 14 11  _
 12  5 13 15

Passo 29:
  1  3  9  7
  8  4  2  6
 10 14  _ 11
 12  5 13 15

Passo 30:
  1  3  9  7
  8  4  2  6
 10  _ 14 11
 12  5 13 15

Passo 31:
  1  3  9  7
  8  4  2  6
 10  5 14 11
 12  _ 13 15

Passo 32:
  1  3  9  7
  8  4  2  6
 10  5 14 11
 12 13  _ 15

Passo 33:
  1  3  9  7
  8  4  2  6
 10  5  _ 11
 12 13 14 15

Passo 34:
  1  3  9  7
  8  4  2  6
 10  _  5 11
 12 13 14 15

Passo 35:
  1  3  9  7
  8  4  2  6
  _ 10  5 11
 12 13 14 15

Passo 36:
  1  3  9  7
  _  4  2  6
  8 10  5 11
 12 13 14 15

Passo 37:
  1  3  9  7
  4  _  2  6
  8 10  5 11
 12 13 14 15

Passo 38:
  1  3  9  7
  4  2  _  6
  8 10  5 11
 12 13 14 15

Passo 39:
  1  3  _  7
  4  2  9  6
  8 10  5 11
 12 13 14 15

Passo 40:
  1  _  3  7
  4  2  9  6
  8 10  5 11
 12 13 14 15

Passo 41:
  1  2  3  7
  4  _  9  6
  8 10  5 11
 12 13 14 15

Passo 42:
  1  2  3  7
  4  9  _  6
  8 10  5 11
 12 13 14 15

Passo 43:
  1  2  3  7
  4  9  5  6
  8 10  _ 11
 12 13 14 15

Passo 44:
  1  2  3  7
  4  9  5  6
  8  _ 10 11
 12 13 14 15

Passo 45:
  1  2  3  7
  4  _  5  6
  8  9 10 11
 12 13 14 15

Passo 46:
  1  2  3  7
  4  5  _  6
  8  9 10 11
 12 13 14 15

Passo 47:
  1  2  3  7
  4  5  6  _
  8  9 10 11
 12 13 14 15

Passo 48:
  1  2  3  _
  4  5  6  7
  8  9 10 11
 12 13 14 15

Passo 49:
  1  2  _  3
  4  5  6  7
  8  9 10 11
 12 13 14 15

Passo 50:
  1  _  2  3
  4  5  6  7
  8  9 10 11
 12 13 14 15

Passo 51:
  _  1  2  3
  4  5  6  7
  8  9 10 11
 12 13 14 15

