Algoritmo  : idastar_15p
Instancia  : 72
Heuristica : Manhattan + Conflito Linear
Status     : RESOLVIDO
Profundidade otima: 56 movimentos
Nos expandidos    : 49451474
Tempo             : 25899.35 ms

--- Solucao Otima Passo a Passo ---

Estado inicial:
 12 15 11 10
  4  5 14  _
 13  7  1  2
  9  8  3  6

Passo 1:
 12 15 11  _
  4  5 14 10
 13  7  1  2
  9  8  3  6

Passo 2:
 12 15  _ 11
  4  5 14 10
 13  7  1  2
  9  8  3  6

Passo 3:
 12  _ 15 11
  4  5 14 10
 13  7  1  2
  9  8  3  6

Passo 4:
  _ 12 15 11
  4  5 14 10
 13  7  1  2
  9  8  3  6

Passo 5:
  4 12 15 11
  _  5 14 10
 13  7  1  2
  9  8  3  6

Passo 6:
  4 12 15 11
  5  _ 14 10
 13  7  1  2
  9  8  3  6

Passo 7:
  4 12 15 11
  5  7 14 10
 13  _  1  2
  9  8  3  6

Passo 8:
  4 12 15 11
  5  7 14 10
 13  8  1  2
  9  _  3  6

Passo 9:
  4 12 15 11
  5  7 14 10
 13  8  1  2
  _  9  3  6

Passo 10:
  4 12 15 11
  5  7 14 10
  _  8  1  2
 13  9  3  6

Passo 11:
  4 12 15 11
  5  7 14 10
  8  _  1  2
 13  9  3  6

Passo 12:
  4 12 15 11
  5  7 14 10
  8  1  _  2
 13  9  3  6

Passo 13:
  4 12 15 11
  5  7  _ 10
  8  1 14  2
 13  9  3  6

Passo 14:
  4 12 15 11
  5  7 10  _
  8  1 14  2
 13  9  3  6

Passo 15:
  4 12 15 11
  5  7 10  2
  8  1 14  _
 13  9  3  6

Passo 16:
  4 12 15 11
  5  7 10  2
  8  1  _ 14
 13  9  3  6

Passo 17:
  4 12 15 11
  5  7  _  2
  8  1 10 14
 13  9  3  6

Passo 18:
  4 12  _ 11
  5  7 15  2
  8  1 10 14
 13  9  3  6

Passo 19:
  4  _ 12 11
  5  7 15  2
  8  1 10 14
 13  9  3  6

Passo 20:
  4  7 12 11
  5  _ 15  2
  8  1 10 14
 13  9  3  6

Passo 21:
  4  7 12 11
  5  1 15  2
  8  _ 10 14
 13  9  3  6

Passo 22:
  4  7 12 11
  5  1 15  2
  8 10  _ 14
 13  9  3  6

Passo 23:
  4  7 12 11
  5  1 15  2
  8 10  3 14
 13  9  _  6

Passo 24:
  4  7 12 11
  5  1 15  2
  8 10  3 14
 13  9  6  _

Passo 25:
  4  7 12 11
  5  1 15  2
  8 10  3  _
 13  9  6 14

Passo 26:
  4  7 12 11
  5  1 15  _
  8 10  3  2
 13  9  6 14

Passo 27:
  4  7 12 11
  5  1  _ 15
  8 10  3  2
 13  9  6 14

Passo 28:
  4  7  _ 11
  5  1 12 15
  8 10  3  2
 13  9  6 14

Passo 29:
  4  _  7 11
  5  1 12 15
  8 10  3  2
 13  9  6 14

Passo 30:
  4  1  7 11
  5  _ 12 15
  8 10  3  2
 13  9  6 14

Passo 31:
  4  1  7 11
  5 12  _ 15
  8 10  3  2
 13  9  6 14

Passo 32:
  4  1  7 11
  5 12  3 15
  8 10  _  2
 13  9  6 14

Passo 33:
  4  1  7 11
  5 12  3 15
  8 10  2  _
 13  9  6 14

Passo 34:
  4  1  7 11
  5 12  3  _
  8 10  2 15
 13  9  6 14

Passo 35:
  4  1  7  _
  5 12  3 11
  8 10  2 15
 13  9  6 14

Passo 36:
  4  1  _  7
  5 12  3 11
  8 10  2 15
 13  9  6 14

Passo 37:
  4  1  3  7
  5 12  _ 11
  8 10  2 15
 13  9  6 14

Passo 38:
  4  1  3  7
  5 12  2 11
  8 10  _ 15
 13  9  6 14

Passo 39:
  4  1  3  7
  5 12  2 11
  8 10  6 15
 13  9  _ 14

Passo 40:
  4  1  3  7
  5 12  2 11
  8 10  6 15
 13  9 14  _

Passo 41:
  4  1  3  7
  5 12  2 11
  8 10  6  _
 13  9 14 15

Passo 42:
  4  1  3  7
  5 12  2  _
  8 10  6 11
 13  9 14 15

Passo 43:
  4  1  3  _
  5 12  2  7
  8 10  6 11
 13  9 14 15

Passo 44:
  4  1  _  3
  5 12  2  7
  8 10  6 11
 13  9 14 15

Passo 45:
  4  1  2  3
  5 12  _  7
  8 10  6 11
 13  9 14 15

Passo 46:
  4  1  2  3
  5 12  6  7
  8 10  _ 11
 13  9 14 15

Passo 47:
  4  1  2  3
  5 12  6  7
  8  _ 10 11
 13  9 14 15

Passo 48:
  4  1  2  3
  5  _  6  7
  8 12 10 11
 13  9 14 15

Passo 49:
  4  1  2  3
  _  5  6  7
  8 12 10 11
 13  9 14 15

Passo 50:
  4  1  2  3
  8  5  6  7
  _ 12 10 11
 13  9 14 15

Passo 51:
  4  1  2  3
  8  5  6  7
 12  _ 10 11
 13  9 14 15

Passo 52:
  4  1  2  3
  8  5  6  7
 12  9 10 11
 13  _ 14 15

Passo 53:
  4  1  2  3
  8  5  6  7
 12  9 10 11
  _ 13 14 15

Passo 54:
  4  1  2  3
  8  5  6  7
  _  9 10 11
 12 13 14 15

Passo 55:
  4  1  2  3
  _  5  6  7
  8  9 10 11
 12 13 14 15

Passo 56:
  _  1  2  3
  4  5  6  7
  8  9 10 11
 12 13 14 15

