Algoritmo  : idastar_15p
Instancia  : 84
Heuristica : Manhattan + Conflito Linear
Status     : RESOLVIDO
Profundidade otima: 55 movimentos
Nos expandidos    : 34106514
Tempo             : 18923.00 ms

--- Solucao Otima Passo a Passo ---

Estado inicial:
 15  8 10  7
  _ 12 14  1
  5  9  6  3
 13 11  4  2

Passo 1:
  _  8 10  7
 15 12 14  1
  5  9  6  3
 13 11  4  2

Passo 2:
  8  _ 10  7
 15 12 14  1
  5  9  6  3
 13 11  4  2

Passo 3:
  8 10  _  7
 15 12 14  1
  5  9  6  3
 13 11  4  2

Passo 4:
  8 10  7  _
 15 12 14  1
  5  9  6  3
 13 11  4  2

Passo 5:
  8 10  7  1
 15 12 14  _
  5  9  6  3
 13 11  4  2

Passo 6:
  8 10  7  1
 15 12  _ 14
  5  9  6  3
 13 11  4  2

Passo 7:
  8 10  7  1
 15 12  6 14
  5  9  _  3
 13 11  4  2

Passo 8:
  8 10  7  1
 15 12  6 14
  5  9  4  3
 13 11  _  2

Passo 9:
  8 10  7  1
 15 12  6 14
  5  9  4  3
 13  _ 11  2

Passo 10:
  8 10  7  1
 15 12  6 14
  5  _  4  3
 13  9 11  2

Passo 11:
  8 10  7  1
 15  _  6 14
  5 12  4  3
 13  9 11  2

Passo 12:
  8 10  7  1
  _ 15  6 14
  5 12  4  3
 13  9 11  2

Passo 13:
  8 10  7  1
  5 15  6 14
  _ 12  4  3
 13  9 11  2

Passo 14:
  8 10  7  1
  5 15  6 14
 12  _  4  3
 13  9 11  2

Passo 15:
  8 10  7  1
  5  _  6 14
 12 15  4  3
 13  9 11  2

Passo 16:
  8 10  7  1
  5  6  _ 14
 12 15  4  3
 13  9 11  2

Passo 17:
  8 10  7  1
  5  6  4 14
 12 15  _  3
 13  9 11  2

Passo 18:
  8 10  7  1
  5  6  4 14
 12  _ 15  3
 13  9 11  2

Passo 19:
  8 10  7  1
  5  _  4 14
 12  6 15  3
 13  9 11  2

Passo 20:
  8  _  7  1
  5 10  4 14
 12  6 15  3
 13  9 11  2

Passo 21:
  8  7  _  1
  5 10  4 14
 12  6 15  3
 13  9 11  2

Passo 22:
  8  7  4  1
  5 10  _ 14
 12  6 15  3
 13  9 11  2

Passo 23:
  8  7  4  1
  5 10 14  _
 12  6 15  3
 13  9 11  2

Passo 24:
  8  7  4  1
  5 10 14  3
 12  6 15  _
 13  9 11  2

Passo 25:
  8  7  4  1
  5 10 14  3
 12  6 15  2
 13  9 11  _

Passo 26:
  8  7  4  1
  5 10 14  3
 12  6 15  2
 13  9  _ 11

Passo 27:
  8  7  4  1
  5 10 14  3
 12  6  _  2
 13  9 15 11

Passo 28:
  8  7  4  1
  5 10  _  3
 12  6 14  2
 13  9 15 11

Passo 29:
  8  7  4  1
  5 10  3  _
 12  6 14  2
 13  9 15 11

Passo 30:
  8  7  4  1
  5 10  3  2
 12  6 14  _
 13  9 15 11

Passo 31:
  8  7  4  1
  5 10  3  2
 12  6 14 11
 13  9 15  _

Passo 32:
  8  7  4  1
  5 10  3  2
 12  6 14 11
 13  9  _ 15

Passo 33:
  8  7  4  1
  5 10  3  2
 12  6  _ 11
 13  9 14 15

Passo 34:
  8  7  4  1
  5 10  3  2
 12  _  6 11
 13  9 14 15

Passo 35:
  8  7  4  1
  5  _  3  2
 12 10  6 11
 13  9 14 15

Passo 36:
  8  _  4  1
  5  7  3  2
 12 10  6 11
 13  9 14 15

Passo 37:
  8  4  _  1
  5  7  3  2
 12 10  6 11
 13  9 14 15

Passo 38:
  8  4  1  _
  5  7  3  2
 12 10  6 11
 13  9 14 15

Passo 39:
  8  4  1  2
  5  7  3  _
 12 10  6 11
 13  9 14 15

Passo 40:
  8  4  1  2
  5  7  _  3
 12 10  6 11
 13  9 14 15

Passo 41:
  8  4  1  2
  5  _  7  3
 12 10  6 11
 13  9 14 15

Passo 42:
  8  4  1  2
  _  5  7  3
 12 10  6 11
 13  9 14 15

Passo 43:
  _  4  1  2
  8  5  7  3
 12 10  6 11
 13  9 14 15

Passo 44:
  4  _  1  2
  8  5  7  3
 12 10  6 11
 13  9 14 15

Passo 45:
  4  1  _  2
  8  5  7  3
 12 10  6 11
 13  9 14 15

Passo 46:
  4  1  2  _
  8  5  7  3
 12 10  6 11
 13  9 14 15

Passo 47:
  4  1  2  3
  8  5  7  _
 12 10  6 11
 13  9 14 15

Passo 48:
  4  1  2  3
  8  5  _  7
 12 10  6 11
 13  9 14 15

Passo 49:
  4  1  2  3
  8  5  6  7
 12 10  _ 11
 13  9 14 15

Passo 50:
  4  1  2  3
  8  5  6  7
 12  _ 10 11
 13  9 14 15

Passo 51:
  4  1  2  3
  8  5  6  7
 12  9 10 11
 13  _ 14 15

Passo 52:
  4  1  2  3
  8  5  6  7
 12  9 10 11
  _ 13 14 15

Passo 53:
  4  1  2  3
  8  5  6  7
  _  9 10 11
 12 13 14 15

Passo 54:
  4  1  2  3
  _  5  6  7
  8  9 10 11
 12 13 14 15

Passo 55:
  _  1  2  3
  4  5  6  7
  8  9 10 11
 12 13 14 15

