Algoritmo  : idastar_15p
Instancia  : 67
Heuristica : Manhattan + Conflito Linear
Status     : RESOLVIDO
Profundidade otima: 50 movimentos
Nos expandidos    : 38844758
Tempo             : 21700.77 ms

--- Solucao Otima Passo a Passo ---

Estado inicial:
  7  1  2  4
  8  3  6 11
 10 15  _  5
 14 12 13  9

Passo 1:
  7  1  2  4
  8  3  6 11
 10 15 13  5
 14 12  _  9

Passo 2:
  7  1  2  4
  8  3  6 11
 10 15 13  5
 14 12  9  _

Passo 3:
  7  1  2  4
  8  3  6 11
 10 15 13  _
 14 12  9  5

Passo 4:
  7  1  2  4
  8  3  6 11
 10 15  _ 13
 14 12  9  5

Passo 5:
  7  1  2  4
  8  3  6 11
 10  _ 15 13
 14 12  9  5

Passo 6:
  7  1  2  4
  8  3  6 11
  _ 10 15 13
 14 12  9  5

Passo 7:
  7  1  2  4
  _  3  6 11
  8 10 15 13
 14 12  9  5

Passo 8:
  _  1  2  4
  7  3  6 11
  8 10 15 13
 14 12  9  5

Passo 9:
  1  _  2  4
  7  3  6 11
  8 10 15 13
 14 12  9  5

Passo 10:
  1  2  _  4
  7  3  6 11
  8 10 15 13
 14 12  9  5

Passo 11:
  1  2  6  4
  7  3  _ 11
  8 10 15 13
 14 12  9  5

Passo 12:
  1  2  6  4
  7  _  3 11
  8 10 15 13
 14 12  9  5

Passo 13:
  1  2  6  4
  _  7  3 11
  8 10 15 13
 14 12  9  5

Passo 14:
  1  2  6  4
  8  7  3 11
  _ 10 15 13
 14 12  9  5

Passo 15:
  1  2  6  4
  8  7  3 11
 14 10 15 13
  _ 12  9  5

Passo 16:
  1  2  6  4
  8  7  3 11
 14 10 15 13
 12  _  9  5

Passo 17:
  1  2  6  4
  8  7  3 11
 14 10 15 13
 12  9  _  5

Passo 18:
  1  2  6  4
  8  7  3 11
 14 10  _ 13
 12  9 15  5

Passo 19:
  1  2  6  4
  8  7  3 11
 14 10 13  _
 12  9 15  5

Passo 20:
  1  2  6  4
  8  7  3 11
 14 10 13  5
 12  9 15  _

Passo 21:
  1  2  6  4
  8  7  3 11
 14 10 13  5
 12  9  _ 15

Passo 22:
  1  2  6  4
  8  7  3 11
 14 10  _  5
 12  9 13 15

Passo 23:
  1  2  6  4
  8  7  3 11
 14 10  5  _
 12  9 13 15

Passo 24:
  1  2  6  4
  8  7  3  _
 14 10  5 11
 12  9 13 15

Passo 25:
  1  2  6  4
  8  7  _  3
 14 10  5 11
 12  9 13 15

Passo 26:
  1  2  6  4
  8  _  7  3
 14 10  5 11
 12  9 13 15

Passo 27:
  1  _  6  4
  8  2  7  3
 14 10  5 11
 12  9 13 15

Passo 28:
  1  6  _  4
  8  2  7  3
 14 10  5 11
 12  9 13 15

Passo 29:
  1  6  4  _
  8  2  7  3
 14 10  5 11
 12  9 13 15

Passo 30:
  1  6  4  3
  8  2  7  _
 14 10  5 11
 12  9 13 15

Passo 31:
  1  6  4  3
  8  2  _  7
 14 10  5 11
 12  9 13 15

Passo 32:
  1  6  _  3
  8  2  4  7
 14 10  5 11
 12  9 13 15

Passo 33:
  1  _  6  3
  8  2  4  7
 14 10  5 11
 12  9 13 15

Passo 34:
  1  2  6  3
  8  _  4  7
 14 10  5 11
 12  9 13 15

Passo 35:
  1  2  6  3
  8  4  _  7
 14 10  5 11
 12  9 13 15

Passo 36:
  1  2  6  3
  8  4  5  7
 14 10  _ 11
 12  9 13 15

Passo 37:
  1  2  6  3
  8  4  5  7
 14  _ 10 11
 12  9 13 15

Passo 38:
  1  2  6  3
  8  4  5  7
  _ 14 10 11
 12  9 13 15

Passo 39:
  1  2  6  3
  _  4  5  7
  8 14 10 11
 12  9 13 15

Passo 40:
  1  2  6  3
  4  _  5  7
  8 14 10 11
 12  9 13 15

Passo 41:
  1  2  6  3
  4  5  _  7
  8 14 10 11
 12  9 13 15

Passo 42:
  1  2  6  3
  4  5 10  7
  8 14  _ 11
 12  9 13 15

Passo 43:
  1  2  6  3
  4  5 10  7
  8  _ 14 11
 12  9 13 15

Passo 44:
  1  2  6  3
  4  5 10  7
  8  9 14 11
 12  _ 13 15

Passo 45:
  1  2  6  3
  4  5 10  7
  8  9 14 11
 12 13  _ 15

Passo 46:
  1  2  6  3
  4  5 10  7
  8  9  _ 11
 12 13 14 15

Passo 47:
  1  2  6  3
  4  5  _  7
  8  9 10 11
 12 13 14 15

Passo 48:
  1  2  _  3
  4  5  6  7
  8  9 10 11
 12 13 14 15

Passo 49:
  1  _  2  3
  4  5  6  7
  8  9 10 11
 12 13 14 15

Passo 50:
  _  1  2  3
  4  5  6  7
  8  9 10 11
 12 13 14 15

