Algoritmo  : idastar_15p
Instancia  : 27
Heuristica : Manhattan + Conflito Linear
Status     : RESOLVIDO
Profundidade otima: 53 movimentos
Nos expandidos    : 18362086
Tempo             : 7551.03 ms

--- Solucao Otima Passo a Passo ---

Estado inicial:
 14  1  8 15
  2  6  _  3
  9 12 10 13
  4  7  5 11

Passo 1:
 14  1  _ 15
  2  6  8  3
  9 12 10 13
  4  7  5 11

Passo 2:
 14  1 15  _
  2  6  8  3
  9 12 10 13
  4  7  5 11

Passo 3:
 14  1 15  3
  2  6  8  _
  9 12 10 13
  4  7  5 11

Passo 4:
 14  1 15  3
  2  6  8 13
  9 12 10  _
  4  7  5 11

Passo 5:
 14  1 15  3
  2  6  8 13
  9 12  _ 10
  4  7  5 11

Passo 6:
 14  1 15  3
  2  6  8 13
  9 12  5 10
  4  7  _ 11

Passo 7:
 14  1 15  3
  2  6  8 13
  9 12  5 10
  4  _  7 11

Passo 8:
 14  1 15  3
  2  6  8 13
  9  _  5 10
  4 12  7 11

Passo 9:
 14  1 15  3
  2  6  8 13
  _  9  5 10
  4 12  7 11

Passo 10:
 14  1 15  3
  2  6  8 13
  4  9  5 10
  _ 12  7 11

Passo 11:
 14  1 15  3
  2  6  8 13
  4  9  5 10
 12  _  7 11

Passo 12:
 14  1 15  3
  2  6  8 13
  4  _  5 10
 12  9  7 11

Passo 13:
 14  1 15  3
  2  _  8 13
  4  6  5 10
 12  9  7 11

Passo 14:
 14  1 15  3
  _  2  8 13
  4  6  5 10
 12  9  7 11

Passo 15:
  _  1 15  3
 14  2  8 13
  4  6  5 10
 12  9  7 11

Passo 16:
  1  _ 15  3
 14  2  8 13
  4  6  5 10
 12  9  7 11

Passo 17:
  1  2 15  3
 14  _  8 13
  4  6  5 10
 12  9  7 11

Passo 18:
  1  2 15  3
 14  8  _ 13
  4  6  5 10
 12  9  7 11

Passo 19:
  1  2 15  3
 14  8  5 13
  4  6  _ 10
 12  9  7 11

Passo 20:
  1  2 15  3
 14  8  5 13
  4  6  7 10
 12  9  _ 11

Passo 21:
  1  2 15  3
 14  8  5 13
  4  6  7 10
 12  _  9 11

Passo 22:
  1  2 15  3
 14  8  5 13
  4  _  7 10
 12  6  9 11

Passo 23:
  1  2 15  3
 14  _  5 13
  4  8  7 10
 12  6  9 11

Passo 24:
  1  2 15  3
 14  5  _ 13
  4  8  7 10
 12  6  9 11

Passo 25:
  1  2 15  3
 14  5 13  _
  4  8  7 10
 12  6  9 11

Passo 26:
  1  2 15  3
 14  5 13 10
  4  8  7  _
 12  6  9 11

Passo 27:
  1  2 15  3
 14  5 13 10
  4  8  _  7
 12  6  9 11

Passo 28:
  1  2 15  3
 14  5  _ 10
  4  8 13  7
 12  6  9 11

Passo 29:
  1  2  _  3
 14  5 15 10
  4  8 13  7
 12  6  9 11

Passo 30:
  1  _  2  3
 14  5 15 10
  4  8 13  7
 12  6  9 11

Passo 31:
  1  5  2  3
 14  _ 15 10
  4  8 13  7
 12  6  9 11

Passo 32:
  1  5  2  3
  _ 14 15 10
  4  8 13  7
 12  6  9 11

Passo 33:
  1  5  2  3
  4 14 15 10
  _  8 13  7
 12  6  9 11

Passo 34:
  1  5  2  3
  4 14 15 10
  8  _ 13  7
 12  6  9 11

Passo 35:
  1  5  2  3
  4 14 15 10
  8  6 13  7
 12  _  9 11

Passo 36:
  1  5  2  3
  4 14 15 10
  8  6 13  7
 12  9  _ 11

Passo 37:
  1  5  2  3
  4 14 15 10
  8  6  _  7
 12  9 13 11

Passo 38:
  1  5  2  3
  4 14  _ 10
  8  6 15  7
 12  9 13 11

Passo 39:
  1  5  2  3
  4  _ 14 10
  8  6 15  7
 12  9 13 11

Passo 40:
  1  5  2  3
  4  6 14 10
  8  _ 15  7
 12  9 13 11

Passo 41:
  1  5  2  3
  4  6 14 10
  8  9 15  7
 12  _ 13 11

Passo 42:
  1  5  2  3
  4  6 14 10
  8  9 15  7
 12 13  _ 11

Passo 43:
  1  5  2  3
  4  6 14 10
  8  9  _  7
 12 13 15 11

Passo 44:
  1  5  2  3
  4  6  _ 10
  8  9 14  7
 12 13 15 11

Passo 45:
  1  5  2  3
  4  6 10  _
  8  9 14  7
 12 13 15 11

Passo 46:
  1  5  2  3
  4  6 10  7
  8  9 14  _
 12 13 15 11

Passo 47:
  1  5  2  3
  4  6 10  7
  8  9 14 11
 12 13 15  _

Passo 48:
  1  5  2  3
  4  6 10  7
  8  9 14 11
 12 13  _ 15

Passo 49:
  1  5  2  3
  4  6 10  7
  8  9  _ 11
 12 13 14 15

Passo 50:
  1  5  2  3
  4  6  _  7
  8  9 10 11
 12 13 14 15

Passo 51:
  1  5  2  3
  4  _  6  7
  8  9 10 11
 12 13 14 15

Passo 52:
  1  _  2  3
  4  5  6  7
  8  9 10 11
 12 13 14 15

Passo 53:
  _  1  2  3
  4  5  6  7
  8  9 10 11
 12 13 14 15

