Algoritmo  : idastar_15p
Instancia  : 62
Heuristica : Manhattan + Conflito Linear
Status     : RESOLVIDO
Profundidade otima: 57 movimentos
Nos expandidos    : 25162938
Tempo             : 14222.88 ms

--- Solucao Otima Passo a Passo ---

Estado inicial:
  4  6 12  _
 14  2  9 13
 11  8  3 15
  7 10  1  5

Passo 1:
  4  6  _ 12
 14  2  9 13
 11  8  3 15
  7 10  1  5

Passo 2:
  4  _  6 12
 14  2  9 13
 11  8  3 15
  7 10  1  5

Passo 3:
  4  2  6 12
 14  _  9 13
 11  8  3 15
  7 10  1  5

Passo 4:
  4  2  6 12
 14  9  _ 13
 11  8  3 15
  7 10  1  5

Passo 5:
  4  2  6 12
 14  9  3 13
 11  8  _ 15
  7 10  1  5

Passo 6:
  4  2  6 12
 14  9  3 13
 11  8  1 15
  7 10  _  5

Passo 7:
  4  2  6 12
 14  9  3 13
 11  8  1 15
  7 10  5  _

Passo 8:
  4  2  6 12
 14  9  3 13
 11  8  1  _
  7 10  5 15

Passo 9:
  4  2  6 12
 14  9  3  _
 11  8  1 13
  7 10  5 15

Passo 10:
  4  2  6  _
 14  9  3 12
 11  8  1 13
  7 10  5 15

Passo 11:
  4  2  _  6
 14  9  3 12
 11  8  1 13
  7 10  5 15

Passo 12:
  4  2  3  6
 14  9  _ 12
 11  8  1 13
  7 10  5 15

Passo 13:
  4  2  3  6
 14  9  1 12
 11  8  _ 13
  7 10  5 15

Passo 14:
  4  2  3  6
 14  9  1 12
 11  _  8 13
  7 10  5 15

Passo 15:
  4  2  3  6
 14  9  1 12
  _ 11  8 13
  7 10  5 15

Passo 16:
  4  2  3  6
  _  9  1 12
 14 11  8 13
  7 10  5 15

Passo 17:
  4  2  3  6
  9  _  1 12
 14 11  8 13
  7 10  5 15

Passo 18:
  4  2  3  6
  9  1  _ 12
 14 11  8 13
  7 10  5 15

Passo 19:
  4  2  3  6
  9  1 12  _
 14 11  8 13
  7 10  5 15

Passo 20:
  4  2  3  _
  9  1 12  6
 14 11  8 13
  7 10  5 15

Passo 21:
  4  2  _  3
  9  1 12  6
 14 11  8 13
  7 10  5 15

Passo 22:
  4  _  2  3
  9  1 12  6
 14 11  8 13
  7 10  5 15

Passo 23:
  4  1  2  3
  9  _ 12  6
 14 11  8 13
  7 10  5 15

Passo 24:
  4  1  2  3
  9 11 12  6
 14  _  8 13
  7 10  5 15

Passo 25:
  4  1  2  3
  9 11 12  6
 14  8  _ 13
  7 10  5 15

Passo 26:
  4  1  2  3
  9 11  _  6
 14  8 12 13
  7 10  5 15

Passo 27:
  4  1  2  3
  9  _ 11  6
 14  8 12 13
  7 10  5 15

Passo 28:
  4  1  2  3
  9  8 11  6
 14  _ 12 13
  7 10  5 15

Passo 29:
  4  1  2  3
  9  8 11  6
 14 12  _ 13
  7 10  5 15

Passo 30:
  4  1  2  3
  9  8 11  6
 14 12  5 13
  7 10  _ 15

Passo 31:
  4  1  2  3
  9  8 11  6
 14 12  5 13
  7  _ 10 15

Passo 32:
  4  1  2  3
  9  8 11  6
 14  _  5 13
  7 12 10 15

Passo 33:
  4  1  2  3
  9  8 11  6
  _ 14  5 13
  7 12 10 15

Passo 34:
  4  1  2  3
  9  8 11  6
  7 14  5 13
  _ 12 10 15

Passo 35:
  4  1  2  3
  9  8 11  6
  7 14  5 13
 12  _ 10 15

Passo 36:
  4  1  2  3
  9  8 11  6
  7  _  5 13
 12 14 10 15

Passo 37:
  4  1  2  3
  9  8 11  6
  _  7  5 13
 12 14 10 15

Passo 38:
  4  1  2  3
  _  8 11  6
  9  7  5 13
 12 14 10 15

Passo 39:
  4  1  2  3
  8  _ 11  6
  9  7  5 13
 12 14 10 15

Passo 40:
  4  1  2  3
  8  7 11  6
  9  _  5 13
 12 14 10 15

Passo 41:
  4  1  2  3
  8  7 11  6
  9  5  _ 13
 12 14 10 15

Passo 42:
  4  1  2  3
  8  7 11  6
  9  5 13  _
 12 14 10 15

Passo 43:
  4  1  2  3
  8  7 11  _
  9  5 13  6
 12 14 10 15

Passo 44:
  4  1  2  3
  8  7  _ 11
  9  5 13  6
 12 14 10 15

Passo 45:
  4  1  2  3
  8  _  7 11
  9  5 13  6
 12 14 10 15

Passo 46:
  4  1  2  3
  8  5  7 11
  9  _ 13  6
 12 14 10 15

Passo 47:
  4  1  2  3
  8  5  7 11
  9 13  _  6
 12 14 10 15

Passo 48:
  4  1  2  3
  8  5  7 11
  9 13  6  _
 12 14 10 15

Passo 49:
  4  1  2  3
  8  5  7  _
  9 13  6 11
 12 14 10 15

Passo 50:
  4  1  2  3
  8  5  _  7
  9 13  6 11
 12 14 10 15

Passo 51:
  4  1  2  3
  8  5  6  7
  9 13  _ 11
 12 14 10 15

Passo 52:
  4  1  2  3
  8  5  6  7
  9 13 10 11
 12 14  _ 15

Passo 53:
  4  1  2  3
  8  5  6  7
  9 13 10 11
 12  _ 14 15

Passo 54:
  4  1  2  3
  8  5  6  7
  9  _ 10 11
 12 13 14 15

Passo 55:
  4  1  2  3
  8  5  6  7
  _  9 10 11
 12 13 14 15

Passo 56:
  4  1  2  3
  _  5  6  7
  8  9 10 11
 12 13 14 15

Passo 57:
  _  1  2  3
  4  5  6  7
  8  9 10 11
 12 13 14 15

