Algoritmo  : idastar_15p
Instancia  : 29
Heuristica : Manhattan + Conflito Linear
Status     : RESOLVIDO
Profundidade otima: 54 movimentos
Nos expandidos    : 4711031
Tempo             : 1983.12 ms

--- Solucao Otima Passo a Passo ---

Estado inicial:
  9  8  _  2
 15  1  4 14
  3 10  7  5
 11 13  6 12

Passo 1:
  9  8  4  2
 15  1  _ 14
  3 10  7  5
 11 13  6 12

Passo 2:
  9  8  4  2
 15  1  7 14
  3 10  _  5
 11 13  6 12

Passo 3:
  9  8  4  2
 15  1  7 14
  3  _ 10  5
 11 13  6 12

Passo 4:
  9  8  4  2
 15  1  7 14
  _  3 10  5
 11 13  6 12

Passo 5:
  9  8  4  2
  _  1  7 14
 15  3 10  5
 11 13  6 12

Passo 6:
  _  8  4  2
  9  1  7 14
 15  3 10  5
 11 13  6 12

Passo 7:
  8  _  4  2
  9  1  7 14
 15  3 10  5
 11 13  6 12

Passo 8:
  8  4  _  2
  9  1  7 14
 15  3 10  5
 11 13  6 12

Passo 9:
  8  4  7  2
  9  1  _ 14
 15  3 10  5
 11 13  6 12

Passo 10:
  8  4  7  2
  9  1 10 14
 15  3  _  5
 11 13  6 12

Passo 11:
  8  4  7  2
  9  1 10 14
 15  3  6  5
 11 13  _ 12

Passo 12:
  8  4  7  2
  9  1 10 14
 15  3  6  5
 11 13 12  _

Passo 13:
  8  4  7  2
  9  1 10 14
 15  3  6  _
 11 13 12  5

Passo 14:
  8  4  7  2
  9  1 10  _
 15  3  6 14
 11 13 12  5

Passo 15:
  8  4  7  2
  9  1  _ 10
 15  3  6 14
 11 13 12  5

Passo 16:
  8  4  7  2
  9  1  6 10
 15  3  _ 14
 11 13 12  5

Passo 17:
  8  4  7  2
  9  1  6 10
 15  _  3 14
 11 13 12  5

Passo 18:
  8  4  7  2
  9  1  6 10
 15 13  3 14
 11  _ 12  5

Passo 19:
  8  4  7  2
  9  1  6 10
 15 13  3 14
 11 12  _  5

Passo 20:
  8  4  7  2
  9  1  6 10
 15 13  3 14
 11 12  5  _

Passo 21:
  8  4  7  2
  9  1  6 10
 15 13  3  _
 11 12  5 14

Passo 22:
  8  4  7  2
  9  1  6 10
 15 13  _  3
 11 12  5 14

Passo 23:
  8  4  7  2
  9  1  6 10
 15  _ 13  3
 11 12  5 14

Passo 24:
  8  4  7  2
  9  1  6 10
  _ 15 13  3
 11 12  5 14

Passo 25:
  8  4  7  2
  9  1  6 10
 11 15 13  3
  _ 12  5 14

Passo 26:
  8  4  7  2
  9  1  6 10
 11 15 13  3
 12  _  5 14

Passo 27:
  8  4  7  2
  9  1  6 10
 11 15 13  3
 12  5  _ 14

Passo 28:
  8  4  7  2
  9  1  6 10
 11 15  _  3
 12  5 13 14

Passo 29:
  8  4  7  2
  9  1  6 10
 11  _ 15  3
 12  5 13 14

Passo 30:
  8  4  7  2
  9  1  6 10
  _ 11 15  3
 12  5 13 14

Passo 31:
  8  4  7  2
  _  1  6 10
  9 11 15  3
 12  5 13 14

Passo 32:
  _  4  7  2
  8  1  6 10
  9 11 15  3
 12  5 13 14

Passo 33:
  4  _  7  2
  8  1  6 10
  9 11 15  3
 12  5 13 14

Passo 34:
  4  1  7  2
  8  _  6 10
  9 11 15  3
 12  5 13 14

Passo 35:
  4  1  7  2
  8  6  _ 10
  9 11 15  3
 12  5 13 14

Passo 36:
  4  1  7  2
  8  6 10  _
  9 11 15  3
 12  5 13 14

Passo 37:
  4  1  7  2
  8  6 10  3
  9 11 15  _
 12  5 13 14

Passo 38:
  4  1  7  2
  8  6 10  3
  9 11  _ 15
 12  5 13 14

Passo 39:
  4  1  7  2
  8  6 10  3
  9  _ 11 15
 12  5 13 14

Passo 40:
  4  1  7  2
  8  6 10  3
  9  5 11 15
 12  _ 13 14

Passo 41:
  4  1  7  2
  8  6 10  3
  9  5 11 15
 12 13  _ 14

Passo 42:
  4  1  7  2
  8  6 10  3
  9  5 11 15
 12 13 14  _

Passo 43:
  4  1  7  2
  8  6 10  3
  9  5 11  _
 12 13 14 15

Passo 44:
  4  1  7  2
  8  6 10  3
  9  5  _ 11
 12 13 14 15

Passo 45:
  4  1  7  2
  8  6  _  3
  9  5 10 11
 12 13 14 15

Passo 46:
  4  1  _  2
  8  6  7  3
  9  5 10 11
 12 13 14 15

Passo 47:
  4  1  2  _
  8  6  7  3
  9  5 10 11
 12 13 14 15

Passo 48:
  4  1  2  3
  8  6  7  _
  9  5 10 11
 12 13 14 15

Passo 49:
  4  1  2  3
  8  6  _  7
  9  5 10 11
 12 13 14 15

Passo 50:
  4  1  2  3
  8  _  6  7
  9  5 10 11
 12 13 14 15

Passo 51:
  4  1  2  3
  8  5  6  7
  9  _ 10 11
 12 13 14 15

Passo 52:
  4  1  2  3
  8  5  6  7
  _  9 10 11
 12 13 14 15

Passo 53:
  4  1  2  3
  _  5  6  7
  8  9 10 11
 12 13 14 15

Passo 54:
  _  1  2  3
  4  5  6  7
  8  9 10 11
 12 13 14 15

