Algoritmo  : idastar_15p
Instancia  : 70
Heuristica : Manhattan + Conflito Linear
Status     : RESOLVIDO
Profundidade otima: 52 movimentos
Nos expandidos    : 36435264
Tempo             : 20618.01 ms

--- Solucao Otima Passo a Passo ---

Estado inicial:
 15  1  3 12
  4  _  6  5
  2  8 14  9
 13 10  7 11

Passo 1:
 15  _  3 12
  4  1  6  5
  2  8 14  9
 13 10  7 11

Passo 2:
  _ 15  3 12
  4  1  6  5
  2  8 14  9
 13 10  7 11

Passo 3:
  4 15  3 12
  _  1  6  5
  2  8 14  9
 13 10  7 11

Passo 4:
  4 15  3 12
  2  1  6  5
  _  8 14  9
 13 10  7 11

Passo 5:
  4 15  3 12
  2  1  6  5
  8  _ 14  9
 13 10  7 11

Passo 6:
  4 15  3 12
  2  1  6  5
  8 14  _  9
 13 10  7 11

Passo 7:
  4 15  3 12
  2  1  _  5
  8 14  6  9
 13 10  7 11

Passo 8:
  4 15  3 12
  2  1  5  _
  8 14  6  9
 13 10  7 11

Passo 9:
  4 15  3  _
  2  1  5 12
  8 14  6  9
 13 10  7 11

Passo 10:
  4 15  _  3
  2  1  5 12
  8 14  6  9
 13 10  7 11

Passo 11:
  4 15  5  3
  2  1  _ 12
  8 14  6  9
 13 10  7 11

Passo 12:
  4 15  5  3
  2  _  1 12
  8 14  6  9
 13 10  7 11

Passo 13:
  4  _  5  3
  2 15  1 12
  8 14  6  9
 13 10  7 11

Passo 14:
  4  5  _  3
  2 15  1 12
  8 14  6  9
 13 10  7 11

Passo 15:
  4  5  1  3
  2 15  _ 12
  8 14  6  9
 13 10  7 11

Passo 16:
  4  5  1  3
  2 15 12  _
  8 14  6  9
 13 10  7 11

Passo 17:
  4  5  1  3
  2 15 12  9
  8 14  6  _
 13 10  7 11

Passo 18:
  4  5  1  3
  2 15 12  9
  8 14  _  6
 13 10  7 11

Passo 19:
  4  5  1  3
  2 15 12  9
  8 14  7  6
 13 10  _ 11

Passo 20:
  4  5  1  3
  2 15 12  9
  8 14  7  6
 13  _ 10 11

Passo 21:
  4  5  1  3
  2 15 12  9
  8  _  7  6
 13 14 10 11

Passo 22:
  4  5  1  3
  2  _ 12  9
  8 15  7  6
 13 14 10 11

Passo 23:
  4  5  1  3
  2 12  _  9
  8 15  7  6
 13 14 10 11

Passo 24:
  4  5  1  3
  2 12  7  9
  8 15  _  6
 13 14 10 11

Passo 25:
  4  5  1  3
  2 12  7  9
  8  _ 15  6
 13 14 10 11

Passo 26:
  4  5  1  3
  2  _  7  9
  8 12 15  6
 13 14 10 11

Passo 27:
  4  5  1  3
  _  2  7  9
  8 12 15  6
 13 14 10 11

Passo 28:
  4  5  1  3
  8  2  7  9
  _ 12 15  6
 13 14 10 11

Passo 29:
  4  5  1  3
  8  2  7  9
 12  _ 15  6
 13 14 10 11

Passo 30:
  4  5  1  3
  8  2  7  9
 12 14 15  6
 13  _ 10 11

Passo 31:
  4  5  1  3
  8  2  7  9
 12 14 15  6
 13 10  _ 11

Passo 32:
  4  5  1  3
  8  2  7  9
 12 14  _  6
 13 10 15 11

Passo 33:
  4  5  1  3
  8  2  7  9
 12 14  6  _
 13 10 15 11

Passo 34:
  4  5  1  3
  8  2  7  _
 12 14  6  9
 13 10 15 11

Passo 35:
  4  5  1  3
  8  2  _  7
 12 14  6  9
 13 10 15 11

Passo 36:
  4  5  1  3
  8  _  2  7
 12 14  6  9
 13 10 15 11

Passo 37:
  4  _  1  3
  8  5  2  7
 12 14  6  9
 13 10 15 11

Passo 38:
  4  1  _  3
  8  5  2  7
 12 14  6  9
 13 10 15 11

Passo 39:
  4  1  2  3
  8  5  _  7
 12 14  6  9
 13 10 15 11

Passo 40:
  4  1  2  3
  8  5  6  7
 12 14  _  9
 13 10 15 11

Passo 41:
  4  1  2  3
  8  5  6  7
 12 14  9  _
 13 10 15 11

Passo 42:
  4  1  2  3
  8  5  6  7
 12 14  9 11
 13 10 15  _

Passo 43:
  4  1  2  3
  8  5  6  7
 12 14  9 11
 13 10  _ 15

Passo 44:
  4  1  2  3
  8  5  6  7
 12 14  9 11
 13  _ 10 15

Passo 45:
  4  1  2  3
  8  5  6  7
 12  _  9 11
 13 14 10 15

Passo 46:
  4  1  2  3
  8  5  6  7
 12  9  _ 11
 13 14 10 15

Passo 47:
  4  1  2  3
  8  5  6  7
 12  9 10 11
 13 14  _ 15

Passo 48:
  4  1  2  3
  8  5  6  7
 12  9 10 11
 13  _ 14 15

Passo 49:
  4  1  2  3
  8  5  6  7
 12  9 10 11
  _ 13 14 15

Passo 50:
  4  1  2  3
  8  5  6  7
  _  9 10 11
 12 13 14 15

Passo 51:
  4  1  2  3
  _  5  6  7
  8  9 10 11
 12 13 14 15

Passo 52:
  _  1  2  3
  4  5  6  7
  8  9 10 11
 12 13 14 15

