Algoritmo  : idastar_15p
Instancia  : 64
Heuristica : Manhattan + Conflito Linear
Status     : RESOLVIDO
Profundidade otima: 51 movimentos
Nos expandidos    : 35727031
Tempo             : 20298.32 ms

--- Solucao Otima Passo a Passo ---

Estado inicial:
  5  2 14  _
  7  8  6  3
 11 12 13 15
  4 10  9  1

Passo 1:
  5  2 14  3
  7  8  6  _
 11 12 13 15
  4 10  9  1

Passo 2:
  5  2 14  3
  7  8  _  6
 11 12 13 15
  4 10  9  1

Passo 3:
  5  2 14  3
  7  8 13  6
 11 12  _ 15
  4 10  9  1

Passo 4:
  5  2 14  3
  7  8 13  6
 11 12  9 15
  4 10  _  1

Passo 5:
  5  2 14  3
  7  8 13  6
 11 12  9 15
  4 10  1  _

Passo 6:
  5  2 14  3
  7  8 13  6
 11 12  9  _
  4 10  1 15

Passo 7:
  5  2 14  3
  7  8 13  6
 11 12  _  9
  4 10  1 15

Passo 8:
  5  2 14  3
  7  8 13  6
 11 12  1  9
  4 10  _ 15

Passo 9:
  5  2 14  3
  7  8 13  6
 11 12  1  9
  4  _ 10 15

Passo 10:
  5  2 14  3
  7  8 13  6
 11  _  1  9
  4 12 10 15

Passo 11:
  5  2 14  3
  7  8 13  6
  _ 11  1  9
  4 12 10 15

Passo 12:
  5  2 14  3
  _  8 13  6
  7 11  1  9
  4 12 10 15

Passo 13:
  5  2 14  3
  8  _ 13  6
  7 11  1  9
  4 12 10 15

Passo 14:
  5  2 14  3
  8 11 13  6
  7  _  1  9
  4 12 10 15

Passo 15:
  5  2 14  3
  8 11 13  6
  7  1  _  9
  4 12 10 15

Passo 16:
  5  2 14  3
  8 11  _  6
  7  1 13  9
  4 12 10 15

Passo 17:
  5  2 14  3
  8  _ 11  6
  7  1 13  9
  4 12 10 15

Passo 18:
  5  2 14  3
  8  1 11  6
  7  _ 13  9
  4 12 10 15

Passo 19:
  5  2 14  3
  8  1 11  6
  _  7 13  9
  4 12 10 15

Passo 20:
  5  2 14  3
  _  1 11  6
  8  7 13  9
  4 12 10 15

Passo 21:
  5  2 14  3
  1  _ 11  6
  8  7 13  9
  4 12 10 15

Passo 22:
  5  2 14  3
  1  7 11  6
  8  _ 13  9
  4 12 10 15

Passo 23:
  5  2 14  3
  1  7 11  6
  _  8 13  9
  4 12 10 15

Passo 24:
  5  2 14  3
  1  7 11  6
  4  8 13  9
  _ 12 10 15

Passo 25:
  5  2 14  3
  1  7 11  6
  4  8 13  9
 12  _ 10 15

Passo 26:
  5  2 14  3
  1  7 11  6
  4  8 13  9
 12 10  _ 15

Passo 27:
  5  2 14  3
  1  7 11  6
  4  8  _  9
 12 10 13 15

Passo 28:
  5  2 14  3
  1  7 11  6
  4  8  9  _
 12 10 13 15

Passo 29:
  5  2 14  3
  1  7 11  _
  4  8  9  6
 12 10 13 15

Passo 30:
  5  2 14  3
  1  7  _ 11
  4  8  9  6
 12 10 13 15

Passo 31:
  5  2  _  3
  1  7 14 11
  4  8  9  6
 12 10 13 15

Passo 32:
  5  _  2  3
  1  7 14 11
  4  8  9  6
 12 10 13 15

Passo 33:
  _  5  2  3
  1  7 14 11
  4  8  9  6
 12 10 13 15

Passo 34:
  1  5  2  3
  _  7 14 11
  4  8  9  6
 12 10 13 15

Passo 35:
  1  5  2  3
  4  7 14 11
  _  8  9  6
 12 10 13 15

Passo 36:
  1  5  2  3
  4  7 14 11
  8  _  9  6
 12 10 13 15

Passo 37:
  1  5  2  3
  4  7 14 11
  8  9  _  6
 12 10 13 15

Passo 38:
  1  5  2  3
  4  7  _ 11
  8  9 14  6
 12 10 13 15

Passo 39:
  1  5  2  3
  4  _  7 11
  8  9 14  6
 12 10 13 15

Passo 40:
  1  5  2  3
  4  9  7 11
  8  _ 14  6
 12 10 13 15

Passo 41:
  1  5  2  3
  4  9  7 11
  8 10 14  6
 12  _ 13 15

Passo 42:
  1  5  2  3
  4  9  7 11
  8 10 14  6
 12 13  _ 15

Passo 43:
  1  5  2  3
  4  9  7 11
  8 10  _  6
 12 13 14 15

Passo 44:
  1  5  2  3
  4  9  7 11
  8 10  6  _
 12 13 14 15

Passo 45:
  1  5  2  3
  4  9  7  _
  8 10  6 11
 12 13 14 15

Passo 46:
  1  5  2  3
  4  9  _  7
  8 10  6 11
 12 13 14 15

Passo 47:
  1  5  2  3
  4  9  6  7
  8 10  _ 11
 12 13 14 15

Passo 48:
  1  5  2  3
  4  9  6  7
  8  _ 10 11
 12 13 14 15

Passo 49:
  1  5  2  3
  4  _  6  7
  8  9 10 11
 12 13 14 15

Passo 50:
  1  _  2  3
  4  5  6  7
  8  9 10 11
 12 13 14 15

Passo 51:
  _  1  2  3
  4  5  6  7
  8  9 10 11
 12 13 14 15

